psrc_zone_id	bkr_zone_id	percent
1	1270	1
2	1270	0.99
2	1274	0.01
3	1270	0.98
3	1274	0.02
4	1270	1
5	1270	1
6	1270	0.97
6	1273	0.03
7	1270	1
8	1270	1
9	1270	0.99
9	1273	0.01
10	1270	0.99
10	1273	0.01
11	1271	1
12	1271	1
13	1271	1
14	1267	0.01
14	1271	0.99
15	1271	0.99
15	1272	0.01
16	1271	1
17	1271	0.97
17	1272	0.03
18	1271	1
19	1271	0.96
19	1272	0.04
20	1271	0.98
20	1272	0.02
21	1266	1
22	1266	0.97
22	1267	0.02
22	1271	0.01
23	1267	1
24	1267	0.98
24	1271	0.02
25	1267	0.99
25	1271	0.01
26	1268	0.01
26	1271	0.99
27	1268	0.02
27	1271	0.98
28	1270	1
29	1269	0.01
29	1270	0.99
30	1270	1
31	1270	1
32	1270	1
33	1270	1
34	1270	1
35	1269	0.01
35	1270	0.99
36	1270	1
37	1269	0.01
37	1270	0.99
38	1269	0.01
38	1270	0.99
39	1344	1
40	1269	0.94
40	1270	0.03
40	1344	0.03
41	1269	1
42	1269	0.99
42	1270	0.01
43	1269	1
44	1269	1
45	1269	1
46	1269	1
47	1268	1
48	1268	1
49	1268	0.87
49	1271	0.13
50	1267	0.95
50	1268	0.05
51	1267	1
52	1267	1
53	1267	1
54	1266	0.97
54	1267	0.03
55	1266	1
56	1266	1
57	1266	1
58	1266	0.97
58	1267	0.03
59	1267	1
60	1267	1
61	1267	1
62	1267	1
63	1267	0.95
63	1268	0.05
64	1267	1
65	1268	1
66	1268	1
67	1268	1
68	1268	1
69	1268	1
70	1268	1
71	1269	1
72	1269	1
73	1269	1
74	1269	1
75	1269	1
76	1269	1
77	1269	1
78	1269	1
79	1269	1
80	1269	1
81	1269	1
82	1269	1
83	1269	0.6
83	1344	0.4
84	1344	1
85	1344	1
86	1344	1
87	1269	0.54
87	1344	0.46
88	1269	0.99
88	1344	0.01
89	1269	1
90	1269	1
91	1269	1
92	1269	1
93	1269	1
94	1262	0.01
94	1269	0.99
95	1268	1
96	1268	1
97	1268	1
98	1264	0.14
98	1267	0.86
99	1267	1
100	1267	1
101	1267	1
102	1265	0.01
102	1266	0.97
102	1267	0.02
103	1265	0.02
103	1266	0.98
104	1266	1
105	1266	1
106	1265	0.01
106	1266	0.99
107	1265	0.01
107	1266	0.99
108	1265	1
109	1265	1
110	1265	0.99
110	1266	0.01
111	1265	1
112	1265	0.97
112	1267	0.03
113	1265	1
114	1265	0.96
114	1267	0.04
115	1265	1
116	1264	0.05
116	1265	0.93
116	1267	0.02
117	1264	0.04
117	1265	0.96
118	1264	0.96
118	1267	0.04
119	1264	1
120	1264	0.97
120	1268	0.03
121	1264	1
122	1264	1
123	1264	0.98
123	1268	0.02
124	1264	1
125	1264	0.98
125	1268	0.02
126	1262	1
127	1262	0.98
127	1269	0.02
128	1262	1
129	1261	0.02
129	1262	0.97
129	1269	0.01
130	1261	0.03
130	1262	0.97
131	1261	0.99
131	1269	0.01
132	1261	1
133	1261	0.99
133	1269	0.01
134	1261	1
135	1261	1
136	1261	1
137	1261	0.97
137	1344	0.03
138	1261	0.97
138	1344	0.03
139	1344	1
140	1344	1
141	1344	1
142	1344	1
143	1344	1
144	1344	1
145	1344	1
146	1344	1
147	1344	1
148	1344	1
149	1344	1
150	1344	1
151	1344	1
152	1343	1
153	1344	1
154	1343	0.99
154	1344	0.01
155	1343	0.98
155	1344	0.02
156	1344	1
157	1343	0.99
157	1344	0.01
158	1344	1
159	1343	1
160	1344	1
161	1343	0.99
161	1344	0.01
162	1344	1
163	1343	1
164	1344	1
165	1343	0.99
165	1344	0.01
166	1261	0.98
166	1344	0.02
167	1261	0.98
167	1343	0.02
168	1261	1
169	1261	1
170	1261	1
171	1261	1
172	1261	1
173	1261	0.98
173	1262	0.02
174	1262	1
175	1262	1
176	1262	1
177	1262	1
178	1262	1
179	1264	1
180	1264	1
181	1264	1
182	1264	1
183	1264	1
184	1264	1
185	1264	0.03
185	1265	0.97
186	1264	0.03
186	1265	0.97
187	1265	1
188	1265	1
189	1265	1
190	1265	1
191	1265	1
192	1265	1
193	1265	1
194	1265	1
195	1265	0.97
195	1266	0.03
196	1265	1
197	1265	0.88
197	1266	0.12
198	1265	1
199	1265	0.95
199	1266	0.05
200	1265	1
201	1258	0.85
201	1263	0.01
201	1266	0.14
202	1258	0.99
202	1266	0.01
203	1263	0.95
203	1265	0.05
204	1263	0.95
204	1265	0.05
205	1263	1
206	1263	0.95
206	1265	0.05
207	1263	1
208	1263	0.95
208	1265	0.05
209	1263	1
210	1263	0.96
210	1265	0.04
211	1263	1
212	1263	0.95
212	1265	0.05
213	1263	1
214	1263	0.87
214	1265	0.13
215	1263	1
216	1264	1
217	1264	1
218	1264	1
219	1264	1
220	1264	1
221	1264	1
222	1262	1
223	1262	1
224	1262	1
225	1262	1
226	1262	1
227	1262	1
228	1262	1
229	1262	1
230	1262	1
231	1261	0.99
231	1262	0.01
232	1261	1
233	1261	1
234	1261	1
235	1261	0.96
235	1343	0.04
236	1261	0.94
236	1343	0.06
237	1343	1
238	1343	1
239	1343	1
240	1343	1
241	1343	1
242	1343	1
243	1343	1
244	1343	1
245	1343	1
246	1343	1
247	1343	1
248	1343	1
249	1343	1
250	1343	1
251	1343	1
252	1343	1
253	1343	1
254	1343	1
255	1343	1
256	1343	1
257	1343	1
258	1343	1
259	1343	1
260	1343	1
261	1343	1
262	1260	0.92
262	1261	0.01
262	1343	0.07
263	1260	0.94
263	1343	0.06
264	1260	0.97
264	1261	0.03
265	1260	1
266	1260	1
267	1260	0.99
267	1261	0.01
268	1260	0.99
268	1261	0.01
269	1260	0.94
269	1262	0.06
270	1260	1
271	1262	1
272	1260	0.98
272	1262	0.02
273	1260	0.33
273	1262	0.67
274	1262	1
275	1262	1
276	1262	1
277	1262	1
278	1262	1
279	1264	1
280	1264	1
281	1264	1
282	1259	0.92
282	1264	0.08
283	1264	1
284	1259	0.95
284	1264	0.05
285	1263	0.99
285	1264	0.01
286	1259	0.05
286	1263	0.95
287	1263	1
288	1263	1
289	1263	1
290	1263	1
291	1263	1
292	1263	1
293	1263	1
294	1263	1
295	1258	0.92
295	1263	0.08
296	1258	0.98
296	1263	0.02
297	1258	1
298	1258	1
299	1258	1
300	1258	0.99
300	1259	0.01
301	1259	1
302	1259	1
303	1259	1
304	1259	0.95
304	1264	0.05
305	1259	0.97
305	1264	0.03
306	1259	0.98
306	1264	0.02
307	1264	1
308	1264	1
309	1262	1
310	1260	0.02
310	1262	0.98
311	1260	0.04
311	1262	0.96
312	1260	0.55
312	1262	0.45
313	1260	1
314	1260	1
315	1260	1
316	1260	1
317	1260	1
318	1260	1
319	1260	1
320	1260	1
321	1260	1
322	1260	1
323	1260	1
324	1260	1
325	1260	1
326	1260	1
327	1260	1
328	1260	0.98
328	1343	0.02
329	1260	0.91
329	1343	0.09
330	1260	0.06
330	1343	0.94
331	1345	1
332	1345	1
333	1342	0.01
333	1345	0.99
334	1342	0.99
334	1345	0.01
335	1342	0.99
335	1345	0.01
336	1342	1
337	1341	0.98
337	1342	0.02
338	1341	0.95
338	1342	0.05
339	1342	1
340	1342	1
341	1342	1
342	1342	1
343	1342	1
344	1342	0.01
344	1345	0.99
345	1345	1
346	1345	1
347	1345	0.99
347	1348	0.01
348	1345	1
349	1345	1
350	1342	0.81
350	1345	0.19
351	1342	1
352	1342	1
353	1342	1
354	1342	1
355	1341	0.98
355	1342	0.02
356	1341	1
357	1341	1
358	1341	1
359	1341	1
360	1257	1
361	1257	1
362	1257	1
363	1257	1
364	1257	1
365	1257	1
366	1257	1
367	1257	1
368	1257	1
369	1257	1
370	1257	1
371	1257	1
372	1257	1
373	1257	1
374	1257	1
375	1257	1
376	1257	1
377	1257	1
378	1257	1
379	1257	1
380	1257	1
381	1257	1
382	1257	1
383	1257	1
384	1341	1
385	1341	1
386	1341	1
387	1341	0.66
387	1342	0.34
388	1342	1
389	1342	1
390	1342	0.91
390	1345	0.09
391	1342	0.63
391	1345	0.37
392	1345	1
393	1345	1
394	1342	1
395	1342	1
396	1341	0.01
396	1342	0.99
397	1341	0.85
397	1342	0.15
398	1340	0.06
398	1341	0.93
398	1342	0.01
399	1341	1
400	1340	0.05
400	1341	0.95
401	1341	1
402	1341	1
403	1341	1
404	1341	1
405	1257	1
406	1256	0.05
406	1257	0.95
407	1256	0.01
407	1257	0.99
408	1254	0.07
408	1257	0.93
409	1254	0.06
409	1257	0.94
410	1254	0.02
410	1257	0.98
411	1254	0.01
411	1257	0.99
412	1255	0.01
412	1257	0.99
413	1255	0.01
413	1257	0.99
414	1255	0.01
414	1257	0.99
415	1255	0.01
415	1257	0.99
416	1255	0.85
416	1257	0.15
417	1255	1
418	1255	0.98
418	1257	0.02
419	1255	0.98
419	1257	0.02
420	1255	0.99
420	1257	0.01
421	1255	1
422	1254	0.02
422	1255	0.98
423	1254	1
424	1254	1
425	1254	1
426	1254	0.97
426	1256	0.03
427	1256	1
428	1256	0.64
428	1257	0.36
429	1256	1
430	1256	1
431	1256	1
432	1256	0.99
432	1257	0.01
433	1256	0.98
433	1340	0.02
434	1340	1
435	1339	0.05
435	1340	0.95
436	1340	1
437	1339	0.04
437	1340	0.96
438	1339	0.01
438	1340	0.99
439	1339	0.07
439	1340	0.93
440	1340	1
441	1339	0.02
441	1340	0.98
442	1340	0.97
442	1342	0.03
443	1339	0.01
443	1340	0.99
444	1339	0.03
444	1340	0.04
444	1342	0.93
445	1339	1
446	1339	1
447	1339	1
448	1339	0.97
448	1340	0.03
449	1339	0.84
449	1345	0.16
450	1339	1
451	1339	1
452	1339	1
453	1339	1
454	1339	1
455	1339	0.77
455	1340	0.23
456	1339	1
457	1339	1
458	1339	1
459	1339	1
460	1339	1
461	1339	1
462	1339	1
463	1339	1
464	1339	1
465	1339	1
466	1339	1
467	1248	0.02
467	1339	0.98
468	1339	1
469	1339	1
470	1339	1
471	1339	1
472	1339	1
473	1339	1
474	1339	1
475	1339	1
476	1256	0.29
476	1339	0.71
477	1256	0.88
477	1339	0.12
478	1248	0.19
478	1338	0.67
478	1339	0.14
479	1248	1
480	1248	0.23
480	1339	0.77
481	1339	1
482	1248	0.01
482	1339	0.99
483	1339	1
484	1339	1
485	1256	0.05
485	1339	0.95
486	1256	0.43
486	1339	0.57
487	1256	0.85
487	1339	0.15
488	1256	1
489	1256	1
490	1256	1
491	1256	1
492	1248	0.01
492	1250	0.05
492	1256	0.43
492	1339	0.51
493	1250	0.08
493	1256	0.92
494	1250	0.07
494	1256	0.93
495	1250	0.09
495	1256	0.91
496	1250	0.09
496	1256	0.91
497	1250	0.02
497	1253	0.01
497	1256	0.97
498	1248	0.95
498	1339	0.05
499	1248	1
500	1248	1
501	1248	0.95
501	1339	0.05
502	1248	0.99
502	1339	0.01
503	1248	0.22
503	1250	0.78
504	1250	1
505	1250	1
506	1250	1
507	1250	0.88
507	1251	0.06
507	1253	0.06
508	1248	1
509	1248	1
510	1248	1
511	1248	1
512	1248	1
513	1248	1
514	1248	0.21
514	1250	0.79
515	1250	1
516	1250	1
517	1250	0.94
517	1251	0.06
518	1248	0.95
518	1249	0.05
519	1248	0.95
519	1249	0.05
520	1248	0.95
520	1249	0.05
521	1248	0.94
521	1249	0.06
522	1248	0.96
522	1249	0.04
523	1248	0.96
523	1249	0.04
524	1248	0.2
524	1249	0.05
524	1250	0.75
525	1249	0.04
525	1250	0.96
526	1248	0.05
526	1249	0.95
527	1249	1
528	1249	1
529	1249	1
530	1249	1
531	1249	1
532	1249	1
533	1247	0.04
533	1248	0.05
533	1249	0.91
534	1247	0.04
534	1249	0.96
535	1249	1
536	1249	1
537	1249	1
538	1249	1
539	1249	1
540	1247	0.12
540	1249	0.88
541	1247	0.07
541	1249	0.93
542	1247	0.05
542	1249	0.95
543	1249	1
544	1249	1
545	1247	0.09
545	1249	0.91
546	1247	0.08
546	1249	0.92
547	1253	0.08
547	1256	0.92
548	1251	0.03
548	1253	0.96
548	1256	0.01
549	1256	1
550	1253	0.53
550	1256	0.47
551	1253	0.02
551	1256	0.98
552	1253	0.78
552	1256	0.22
553	1253	0.01
553	1254	0.98
553	1256	0.01
554	1254	1
555	1254	1
556	1254	1
557	1254	1
558	1254	0.01
558	1255	0.99
559	1255	1
560	1255	1
561	1255	1
562	1254	0.03
562	1255	0.97
563	1254	1
564	1254	1
565	1254	1
566	1253	0.02
566	1254	0.98
567	1253	1
568	1251	0.01
568	1253	0.99
569	1251	0.69
569	1253	0.31
570	1251	1
571	1250	0.06
571	1251	0.94
572	1249	0.03
572	1250	0.04
572	1251	0.92
572	1252	0.01
573	1251	1
574	1251	0.45
574	1253	0.55
575	1251	0.64
575	1253	0.36
576	1253	1
577	1249	0.05
577	1251	0.42
577	1252	0.53
578	1249	0.09
578	1252	0.91
579	1251	0.47
579	1252	0.53
580	1252	1
581	1251	0.33
581	1252	0.02
581	1253	0.65
582	1252	1
583	1252	0.61
583	1253	0.39
584	1252	0.02
584	1253	0.02
584	1254	0.96
585	1254	1
586	1254	1
587	1254	1
588	1254	0.03
588	1255	0.97
589	1255	1
590	1255	1
591	1255	1
592	1255	1
593	1255	1
594	1255	1
595	1255	1
596	1254	0.04
596	1255	0.96
597	1246	0.02
597	1254	0.02
597	1255	0.96
598	1254	1
599	1246	0.02
599	1254	0.98
600	1254	1
601	1246	0.02
601	1254	0.98
602	1254	1
603	1246	0.01
603	1254	0.99
604	1252	0.03
604	1254	0.97
605	1252	0.01
605	1254	0.99
606	1252	1
607	1252	1
608	1247	0.01
608	1252	0.99
609	1247	0.01
609	1249	0.05
609	1252	0.94
610	1247	1
611	1245	0.01
611	1247	0.99
612	1247	1
613	1245	0.01
613	1247	0.99
614	1247	1
615	1247	1
616	1246	0.97
616	1247	0.03
617	1246	1
618	1246	1
619	1246	0.99
619	1255	0.01
620	1246	0.99
620	1255	0.01
621	1246	0.99
621	1255	0.01
622	1246	1
623	1246	1
624	1246	1
625	1246	1
626	1246	0.98
626	1247	0.02
627	1247	1
628	1245	0.03
628	1247	0.97
629	1245	0.02
629	1247	0.98
630	1245	1
631	1245	1
632	1245	1
633	1245	1
634	1245	1
635	1245	1
636	1246	1
637	1246	1
638	1246	1
639	1246	1
640	1246	1
641	1244	0.99
641	1246	0.01
642	1244	0.98
642	1246	0.02
643	1244	1
644	1244	0.98
644	1246	0.02
645	1244	1
646	1244	1
647	1244	1
648	1244	1
649	1244	1
650	1245	1
651	1245	1
652	1245	1
653	1245	1
654	1245	1
655	1245	1
656	1245	1
657	1245	1
658	1244	1
659	1244	1
660	1244	1
661	1244	1
662	1244	1
663	1244	1
664	1244	1
665	1244	1
666	1244	1
667	1244	1
668	1244	1
669	1244	1
670	1245	1
671	1245	1
672	1245	1
673	1245	1
674	1245	0.01
674	1338	0.99
675	1338	1
676	1338	0.9
676	1339	0.01
676	1345	0.09
677	1338	1
678	1338	1
679	1338	1
680	1338	1
681	1338	1
682	1338	1
683	1338	1
684	1338	1
685	1338	1
686	1338	1
687	1338	1
688	1338	1
689	1338	1
690	1338	1
691	1338	1
692	1338	1
693	1338	1
694	1338	1
695	1338	1
696	1338	1
697	1338	1
698	1338	1
699	1338	1
700	1338	1
701	1338	1
702	1338	0.99
702	1355	0.01
703	1338	1
704	1245	1
705	1245	1
706	1245	1
707	1245	1
708	1244	1
709	1244	1
710	1244	1
711	1244	1
712	1244	1
713	1244	1
714	1244	1
715	1243	0.01
715	1244	0.99
716	1244	1
717	1244	1
718	1243	0.99
718	1244	0.01
719	1243	0.99
719	1244	0.01
720	1243	1
721	1243	1
722	1243	0.99
722	1244	0.01
723	1243	1
724	1243	0.99
724	1244	0.01
725	1245	1
726	1245	1
727	1245	0.99
727	1355	0.01
728	1245	1
729	1338	0.34
729	1355	0.66
730	1338	0.4
730	1355	0.6
731	1338	1
732	1338	1
733	1338	1
734	1338	1
735	1338	1
736	1338	1
737	1338	1
738	1338	1
739	1338	1
740	1338	0.99
740	1355	0.01
741	1338	0.66
741	1355	0.34
742	1338	0.03
742	1355	0.97
743	1355	1
744	1355	1
745	1355	1
746	1355	1
747	1355	1
748	1355	1
749	1338	0.01
749	1355	0.99
750	1355	1
751	1338	0.01
751	1355	0.99
752	1355	1
753	1355	1
754	1355	1
755	1355	1
756	1355	1
757	1355	1
758	1245	0.01
758	1355	0.99
759	1355	1
760	1355	1
761	1245	0.01
761	1355	0.99
762	1355	1
763	1245	0.02
763	1355	0.98
764	1243	1
765	1243	1
766	1243	1
767	1243	1
768	1243	1
769	1243	1
770	1243	1
771	1243	1
772	1243	1
773	1243	1
774	1243	1
775	1243	1
776	1243	1
777	1355	1
778	1355	1
779	1355	1
780	1355	1
781	1355	1
782	1355	1
783	1355	1
784	1355	1
785	1355	1
786	1355	1
787	1337	0.01
787	1355	0.99
788	1355	1
789	1355	1
790	1355	1
791	1355	1
792	1355	1
793	1355	1
794	1355	1
795	1355	1
796	1355	1
797	1355	1
798	1355	1
799	1355	1
800	1355	1
801	1355	1
802	1355	1
803	1355	1
804	1355	1
805	1355	1
806	1335	0.1
806	1355	0.9
807	1335	0.11
807	1355	0.89
808	1335	0.01
808	1355	0.99
809	1355	1
810	1241	0.04
810	1243	0.96
811	1241	0.01
811	1243	0.99
812	1241	0.02
812	1243	0.98
813	1241	0.02
813	1243	0.98
814	1241	0.01
814	1243	0.99
815	1243	1
816	1241	1
817	1241	1
818	1241	1
819	1241	1
820	1241	1
821	1241	0.99
821	1243	0.01
822	1241	1
823	1241	1
824	1335	0.4
824	1355	0.6
825	1335	0.12
825	1355	0.88
826	1355	1
827	1335	0.01
827	1355	0.99
828	1335	0.01
828	1336	0.66
828	1355	0.33
829	1355	1
830	1355	1
831	1355	1
832	1355	1
833	1355	1
834	1355	1
835	1337	0.03
835	1355	0.97
836	1355	1
837	1355	1
838	1355	1
839	1355	1
840	1355	1
841	1355	1
842	1335	1
843	1241	1
844	1241	1
845	1241	1
846	1241	1
847	1241	1
848	1241	1
849	1241	1
850	1241	1
851	1241	1
852	1241	1
853	1241	1
854	1241	1
855	1241	1
856	1240	0.01
856	1241	0.99
857	1240	0.03
857	1241	0.97
858	1240	0.05
858	1241	0.95
859	1336	0.97
859	1355	0.03
860	1336	1
861	1336	0.85
861	1355	0.15
862	1336	1
863	1336	0.98
863	1355	0.02
864	1336	1
865	1336	0.99
865	1355	0.01
866	1336	1
867	1335	0.06
867	1336	0.94
868	1335	0.02
868	1336	0.98
869	1335	0.99
869	1336	0.01
870	1335	0.97
870	1336	0.01
870	1355	0.02
871	1335	0.95
871	1355	0.05
872	1335	1
873	1335	0.97
873	1355	0.03
874	1335	1
875	1238	0.62
875	1241	0.38
876	1241	1
877	1241	1
878	1335	1
879	1335	1
880	1335	1
881	1335	1
882	1335	1
883	1335	1
884	1335	1
885	1335	1
886	1335	0.98
886	1336	0.02
887	1335	0.04
887	1336	0.96
888	1336	1
889	1336	1
890	1336	1
891	1336	0.98
891	1355	0.02
892	1336	0.99
892	1355	0.01
893	1336	1
894	1336	1
895	1336	1
896	1336	1
897	1335	0.99
897	1336	0.01
898	1335	1
899	1335	1
900	1335	1
901	1335	1
902	1335	1
903	1335	1
904	1333	0.06
904	1335	0.94
905	1333	0.93
905	1335	0.07
906	1333	1
907	1333	1
908	1240	0.08
908	1241	0.01
908	1333	0.01
908	1335	0.9
909	1240	1
910	1240	0.97
910	1241	0.03
911	1240	1
912	1240	1
913	1239	0.05
913	1240	0.95
914	1238	0.11
914	1239	0.89
915	1238	0.04
915	1239	0.96
916	1239	0.02
916	1240	0.98
917	1240	1
918	1240	1
919	1239	0.03
919	1240	0.97
920	1240	0.04
920	1333	0.96
921	1333	1
922	1333	0.98
922	1335	0.02
923	1333	1
924	1333	1
925	1333	1
926	1333	1
927	1333	0.99
927	1335	0.01
928	1333	1
929	1333	0.97
929	1335	0.03
930	1333	1
931	1333	0.99
931	1335	0.01
932	1333	1
933	1333	0.01
933	1335	0.99
934	1335	0.99
934	1336	0.01
935	1335	0.02
935	1336	0.98
936	1336	1
937	1336	1
938	1336	1
939	1336	1
940	1334	0.01
940	1336	0.99
941	1334	0.9
941	1336	0.1
942	1336	1
943	1334	0.3
943	1336	0.7
944	1334	0.16
944	1335	0.05
944	1336	0.79
945	1334	0.1
945	1335	0.9
946	1334	0.27
946	1335	0.73
947	1333	0.03
947	1334	0.19
947	1335	0.78
948	1333	0.37
948	1334	0.63
949	1333	0.31
949	1334	0.69
950	1333	0.01
950	1334	0.99
951	1333	0.49
951	1334	0.51
952	1333	1
953	1333	1
954	1333	1
955	1239	0.03
955	1333	0.97
956	1239	0.02
956	1240	0.98
957	1237	0.01
957	1239	0.96
957	1240	0.03
958	1239	1
959	1239	1
960	1239	1
961	1237	0.01
961	1239	0.99
962	1237	0.96
962	1239	0.04
963	1239	1
964	1239	1
965	1329	0.02
965	1330	0.98
966	1329	0.13
966	1330	0.87
967	1330	1
968	1330	1
969	1330	1
970	1330	0.76
970	1333	0.24
971	1333	1
972	1333	1
973	1333	1
974	1333	1
975	1333	1
976	1333	1
977	1333	1
978	1333	1
979	1333	1
980	1333	0.99
980	1334	0.01
981	1333	1
982	1333	0.41
982	1334	0.59
983	1333	0.01
983	1334	0.99
984	1334	1
985	1334	1
986	1334	1
987	1334	1
988	1334	1
989	1334	1
990	1334	1
991	1334	1
992	1334	1
993	1334	1
994	1334	1
995	1334	1
996	1334	1
997	1334	1
998	1334	1
999	1334	1
1000	1334	0.33
1000	1336	0.67
1001	1334	1
1002	1334	1
1003	1334	1
1004	1334	1
1005	1334	1
1006	1334	1
1007	1334	1
1008	1334	1
1009	1333	0.11
1009	1334	0.89
1010	1333	0.12
1010	1334	0.88
1011	1333	1
1012	1333	1
1013	1333	1
1014	1333	1
1015	1333	1
1016	1333	1
1017	1327	0.06
1017	1333	0.94
1018	1327	1
1019	1327	0.99
1019	1330	0.01
1020	1327	1
1021	1327	0.99
1021	1330	0.01
1022	1327	1
1023	1327	1
1024	1327	1
1025	1327	1
1026	1327	0.99
1026	1333	0.01
1027	1333	1
1028	1332	0.01
1028	1333	0.99
1029	1333	1
1030	1333	1
1031	1333	0.02
1031	1334	0.98
1032	1334	1
1033	1334	1
1034	1334	1
1035	1334	1
1036	1332	0.13
1036	1334	0.87
1037	1332	1
1038	1332	0.97
1038	1334	0.03
1039	1332	1
1040	1332	0.99
1040	1334	0.01
1041	1332	1
1042	1332	1
1043	1332	0.98
1043	1333	0.02
1044	1327	0.04
1044	1332	0.64
1044	1333	0.32
1045	1327	1
1046	1327	1
1047	1327	1
1048	1327	1
1049	1327	1
1050	1327	1
1051	1327	1
1052	1327	1
1053	1327	1
1054	1325	0.98
1054	1327	0.02
1055	1327	0.98
1055	1332	0.02
1056	1325	0.13
1056	1327	0.05
1056	1332	0.82
1057	1332	1
1058	1325	0.01
1058	1332	0.99
1059	1332	1
1060	1332	1
1061	1332	1
1062	1332	1
1063	1332	1
1064	1332	1
1065	1332	1
1066	1332	1
1067	1332	1
1068	1331	0.38
1068	1332	0.62
1069	1331	1
1070	1331	0.97
1070	1332	0.03
1071	1325	0.04
1071	1331	0.94
1071	1332	0.02
1072	1325	0.99
1072	1332	0.01
1073	1325	0.94
1073	1332	0.06
1074	1325	1
1075	1325	1
1076	1325	1
1077	1325	1
1078	1325	0.07
1078	1331	0.93
1079	1325	0.06
1079	1331	0.94
1080	1331	1
1081	1331	1
1082	1331	1
1083	1331	1
1084	1331	1
1085	1331	1
1086	1331	1
1087	1331	1
1088	1331	1
1089	1331	1
1090	1331	1
1091	1331	1
1092	1331	1
1093	1325	0.07
1093	1331	0.93
1094	1325	1
1095	1325	1
1096	1325	1
1097	1325	1
1098	1325	1
1099	1325	1
1100	1325	1
1101	1325	1
1102	1325	0.98
1102	1331	0.02
1103	1324	0.01
1103	1331	0.99
1104	1331	1
1105	1324	0.01
1105	1331	0.99
1106	1324	0.02
1106	1331	0.98
1107	1324	0.02
1107	1331	0.98
1108	1324	0.03
1108	1331	0.97
1109	1324	0.99
1109	1331	0.01
1110	1324	1
1111	1324	1
1112	1324	0.98
1112	1352	0.02
1113	1324	0.92
1113	1352	0.08
1114	1324	1
1115	1324	1
1116	1324	1
1117	1324	1
1118	1324	1
1119	1324	0.97
1119	1331	0.03
1120	1324	1
1121	1324	1
1122	1324	1
1123	1324	1
1124	1324	1
1125	1324	0.99
1125	1331	0.01
1126	1324	1
1127	1324	0.06
1127	1325	0.94
1128	1325	1
1129	1325	1
1130	1325	1
1131	1325	1
1132	1325	1
1133	1324	0.02
1133	1325	0.98
1134	1324	1
1135	1324	1
1136	1324	1
1137	1324	1
1138	1324	1
1139	1324	1
1140	1324	1
1141	1324	1
1142	1324	1
1143	1324	0.97
1143	1352	0.03
1144	1324	0.88
1144	1352	0.12
1145	1324	0.91
1145	1352	0.09
1146	1324	0.97
1146	1352	0.03
1147	1324	0.98
1147	1325	0.02
1148	1320	0.04
1148	1324	0.91
1148	1325	0.05
1149	1320	0.03
1149	1325	0.97
1150	1320	0.11
1150	1325	0.89
1151	1325	1
1152	1325	1
1153	1325	1
1154	1325	1
1155	1320	0.06
1155	1325	0.94
1156	1320	0.05
1156	1325	0.95
1157	1320	0.04
1157	1325	0.96
1158	1325	0.97
1158	1353	0.03
1159	1317	0.01
1159	1325	0.98
1159	1353	0.01
1160	1325	1
1161	1325	1
1162	1325	1
1163	1325	1
1164	1325	1
1165	1325	1
1166	1325	1
1167	1325	1
1168	1325	1
1169	1325	1
1170	1325	1
1171	1317	0.95
1171	1325	0.02
1171	1353	0.03
1172	1325	1
1173	1325	1
1174	1325	1
1175	1325	1
1176	1325	1
1177	1325	1
1178	1325	1
1179	1325	1
1180	1325	1
1181	1325	1
1182	1325	1
1183	1325	1
1184	1325	1
1185	1317	0.06
1185	1325	0.94
1186	1325	1
1187	1317	0.98
1187	1325	0.02
1188	1317	0.92
1188	1325	0.08
1189	1317	1
1190	1317	1
1191	1317	1
1192	1325	1
1193	1325	1
1194	1325	1
1195	1325	1
1196	1325	1
1197	1317	0.03
1197	1325	0.97
1198	1325	1
1199	1325	1
1200	1317	0.05
1200	1325	0.95
1201	1317	0.92
1201	1325	0.08
1202	1325	1
1203	1317	0.98
1203	1325	0.02
1204	1325	1
1205	1325	1
1206	1317	0.99
1206	1325	0.01
1207	1325	1
1208	1325	1
1209	1317	0.99
1209	1325	0.01
1210	1326	1
1211	1326	1
1212	1326	1
1213	1325	0.99
1213	1326	0.01
1214	1325	1
1215	1325	1
1216	1325	1
1217	1325	1
1218	1325	1
1219	1325	1
1220	1325	1
1221	1325	1
1222	1325	1
1223	1325	1
1224	1325	0.01
1224	1327	0.99
1225	1325	0.01
1225	1327	0.99
1226	1325	1
1227	1327	1
1228	1325	1
1229	1326	1
1230	1325	0.03
1230	1326	0.97
1231	1326	1
1232	1326	1
1233	1326	1
1234	1326	1
1235	1316	0.97
1235	1326	0.03
1236	1316	0.03
1236	1326	0.97
1237	1326	1
1238	1326	1
1239	1326	1
1240	1326	1
1241	1326	1
1242	1326	1
1243	1326	1
1244	1327	1
1245	1327	1
1246	1327	1
1247	1325	0.01
1247	1327	0.99
1248	1327	1
1249	1325	1
1250	1325	0.01
1250	1327	0.99
1251	1325	0.05
1251	1327	0.95
1252	1327	1
1253	1325	1
1254	1325	1
1255	1325	0.61
1255	1327	0.39
1256	1327	1
1257	1325	1
1258	1325	1
1259	1325	0.69
1259	1327	0.31
1260	1327	1
1261	1327	1
1262	1327	1
1263	1327	1
1264	1327	1
1265	1327	1
1266	1327	1
1267	1327	1
1268	1327	1
1269	1315	0.99
1269	1327	0.01
1270	1315	0.98
1270	1326	0.02
1271	1315	1
1272	1315	1
1273	1315	1
1274	1315	1
1275	1315	1
1276	1315	1
1277	1315	1
1278	1315	1
1279	1315	0.02
1279	1316	0.98
1280	1315	0.02
1280	1316	0.98
1281	1315	0.01
1281	1316	0.99
1282	1315	1
1283	1315	1
1284	1315	1
1285	1315	1
1286	1315	1
1287	1315	1
1288	1315	1
1289	1315	1
1290	1315	1
1291	1315	1
1292	1315	1
1293	1315	0.99
1293	1327	0.01
1294	1315	0.98
1294	1327	0.02
1295	1315	1
1296	1315	0.99
1296	1327	0.01
1297	1327	1
1298	1327	1
1299	1315	0.98
1299	1327	0.02
1300	1327	1
1301	1327	1
1302	1327	1
1303	1327	1
1304	1327	1
1305	1327	1
1306	1327	1
1307	1327	1
1308	1327	1
1309	1327	0.99
1309	1329	0.01
1310	1315	0.99
1310	1327	0.01
1311	1315	0.99
1311	1328	0.01
1312	1315	1
1313	1315	0.94
1313	1328	0.06
1314	1315	1
1315	1315	1
1316	1315	1
1317	1315	1
1318	1313	0.97
1318	1315	0.02
1318	1316	0.01
1319	1313	0.94
1319	1316	0.06
1320	1313	1
1321	1313	1
1322	1313	1
1323	1309	0.07
1323	1313	0.93
1324	1309	0.05
1324	1313	0.95
1325	1313	0.02
1325	1314	0.98
1326	1313	0.02
1326	1314	0.02
1326	1315	0.96
1327	1315	1
1328	1315	1
1329	1315	1
1330	1236	0.01
1330	1315	0.99
1331	1235	0.02
1331	1236	0.01
1331	1314	0.02
1331	1315	0.95
1332	1236	0.01
1332	1315	0.01
1332	1328	0.98
1333	1236	0.98
1333	1328	0.02
1334	1235	0.01
1334	1236	0.88
1334	1315	0.11
1335	1235	0.02
1335	1236	0.98
1336	1328	1
1337	1328	1
1338	1236	0.02
1338	1328	0.98
1339	1236	1
1340	1329	1
1341	1329	1
1342	1329	1
1343	1236	0.99
1343	1329	0.01
1344	1329	1
1345	1327	0.05
1345	1329	0.95
1346	1329	1
1347	1329	1
1348	1237	0.02
1348	1329	0.98
1349	1236	0.02
1349	1237	0.97
1349	1329	0.01
1350	1237	1
1351	1237	1
1352	1237	1
1353	1237	0.99
1353	1238	0.01
1354	1237	1
1355	1237	1
1356	1237	1
1357	1236	1
1358	1235	0.03
1358	1236	0.96
1358	1237	0.01
1359	1234	0.01
1359	1235	0.99
1360	1232	0.01
1360	1235	0.99
1361	1231	0.01
1361	1235	0.99
1362	1235	1
1363	1235	1
1364	1231	0.02
1364	1235	0.98
1365	1231	0.01
1365	1235	0.99
1366	1235	0.01
1366	1314	0.99
1367	1235	0.01
1367	1314	0.99
1368	1235	0.02
1368	1314	0.98
1369	1235	0.02
1369	1314	0.98
1370	1314	1
1371	1314	1
1372	1314	0.99
1372	1315	0.01
1373	1314	1
1374	1314	1
1375	1309	0.01
1375	1313	0.01
1375	1314	0.98
1376	1308	0.01
1376	1314	0.99
1377	1309	0.99
1377	1314	0.01
1378	1309	1
1379	1309	1
1380	1309	1
1381	1308	1
1382	1308	0.99
1382	1314	0.01
1383	1314	1
1384	1314	1
1385	642	1
1386	1231	1
1387	1231	1
1388	1231	1
1389	1231	1
1390	1231	1
1391	1231	1
1392	1231	1
1393	1231	1
1394	1231	0.98
1394	1232	0.02
1395	1231	0.99
1395	1232	0.01
1396	1231	0.95
1396	652	0.05
1397	1232	1
1398	1232	1
1399	1232	0.97
1399	1233	0.03
1400	1231	0.01
1400	1233	0.99
1401	1234	1
1402	1233	0.01
1402	1234	0.99
1403	1233	0.74
1403	1234	0.26
1404	1233	1
1405	1233	0.01
1405	1234	0.99
1406	1233	0.44
1406	1234	0.56
1407	1233	0.93
1407	1234	0.07
1408	1233	0.99
1408	656	0.01
1409	1234	0.01
1409	1237	0.99
1410	1237	1
1411	1233	0.06
1411	1237	0.03
1411	1238	0.91
1412	1238	1
1413	1238	1
1414	1238	1
1415	1233	0.02
1415	1238	0.98
1416	1233	0.01
1416	1238	0.99
1417	657	1
1418	1233	0.05
1418	656	0.95
1419	655	1
1420	610	0.02
1420	612	0.2
1420	613	0.32
1420	614	0.17
1420	615	0.09
1420	616	0.2
1421	1233	0.05
1421	652	0.95
1422	653	1
1423	654	1
1424	565	0.03
1424	595	0.26
1424	596	0.17
1424	597	0.13
1424	598	0.17
1424	599	0.15
1424	616	0.05
1424	649	0.04
1425	651	1
1426	650	1
1427	645	1
1428	565	0.42
1428	644	0.01
1428	646	0.27
1428	647	0.26
1428	648	0.04
1429	643	0.34
1429	644	0.66
1430	565	0.38
1430	566	0.41
1430	567	0.21
1431	540	0.11
1431	541	0.13
1431	543	0.01
1431	564	0.2
1431	643	0.55
1432	641	0.57
1432	643	0.43
1433	1308	0.02
1433	640	0.98
1434	1308	1
1435	1308	1
1436	1303	1
1437	1308	0.97
1437	1309	0.03
1438	1303	0.74
1438	1308	0.26
1439	1303	0.99
1439	1304	0.01
1440	1303	1
1441	1303	1
1442	1301	0.12
1442	1303	0.88
1443	1303	1
1444	1301	0.96
1444	1303	0.04
1445	1301	0.99
1445	1304	0.01
1446	1301	0.99
1446	1303	0.01
1447	1303	0.99
1447	1308	0.01
1448	1303	0.97
1448	639	0.03
1449	536	0.01
1449	638	0.35
1449	639	0.64
1450	1301	0.01
1450	1303	0.01
1450	637	0.97
1450	638	0.01
1451	537	0.31
1451	538	0.33
1451	539	0.36
1452	532	0.03
1452	534	0.05
1452	535	0.19
1452	536	0.29
1452	546	0.13
1452	547	0.08
1452	548	0.09
1452	549	0.11
1452	550	0.02
1452	551	0.01
1453	539	0.03
1453	542	0.15
1453	544	0.36
1453	545	0.08
1453	561	0.16
1453	562	0.15
1453	563	0.07
1454	557	0.11
1454	558	0.28
1454	559	0.28
1454	560	0.29
1454	570	0.04
1455	559	0.04
1455	568	0.07
1455	569	0.1
1455	570	0.22
1455	571	0.21
1455	572	0.24
1455	582	0.03
1455	583	0.09
1456	573	0.51
1456	581	0.08
1456	582	0.29
1456	585	0.12
1457	578	0.38
1457	579	0.36
1457	580	0.13
1457	586	0.13
1458	565	0.47
1458	572	0.01
1458	584	0.26
1458	587	0.26
1459	565	0.14
1459	592	0.12
1459	593	0.02
1459	594	0.08
1459	600	0.06
1459	601	0.2
1459	602	0.15
1459	603	0.16
1459	604	0.03
1459	605	0.02
1459	607	0.02
1460	600	0.02
1460	604	0.23
1460	605	0.16
1460	606	0.04
1460	607	0.1
1460	608	0.09
1460	609	0.07
1460	611	0.29
1461	487	0.28
1461	488	0.71
1461	611	0.01
1462	482	0.12
1462	485	0.59
1462	486	0.13
1462	487	0.06
1462	488	0.06
1462	489	0.04
1463	485	0.01
1463	489	0.95
1463	516	0.02
1463	517	0.02
1464	514	0.01
1464	515	0.01
1464	516	0.3
1464	517	0.68
1465	512	0.7
1465	513	0.3
1466	514	0.62
1466	515	0.38
1467	518	0.3
1467	588	0.19
1467	589	0.08
1467	590	0.17
1467	591	0.26
1468	490	0.07
1468	491	0.08
1468	492	0.08
1468	499	0.02
1468	501	0.06
1468	502	0.18
1468	503	0.08
1468	504	0.06
1468	505	0.05
1468	506	0.05
1468	507	0.07
1468	508	0.13
1468	509	0.03
1468	510	0.02
1468	511	0.02
1469	519	0.17
1469	520	0.17
1469	521	0.04
1469	575	0.15
1469	576	0.43
1469	577	0.04
1470	497	0.32
1470	498	0.25
1470	499	0.13
1470	500	0.13
1470	501	0.17
1471	493	0.07
1471	494	0.15
1471	498	0.35
1471	499	0.43
1472	494	0.14
1472	495	0.52
1472	496	0.32
1472	497	0.02
1473	554	0.54
1473	574	0.45
1473	581	0.01
1474	522	0.21
1474	523	0.19
1474	524	0.06
1474	531	0.13
1474	553	0.33
1474	554	0.08
1475	525	0.63
1475	528	0.2
1475	529	0.12
1475	531	0.05
1476	525	0.01
1476	526	0.53
1476	527	0.46
1477	551	0.25
1477	552	0.22
1477	553	0.02
1477	555	0.22
1477	556	0.29
1478	530	0.35
1478	532	0.65
1479	533	0.68
1479	534	0.32
1480	1242	1
1481	1242	1
1482	1242	1
1483	1242	1
1484	1242	1
1485	1242	1
1486	1242	1
1487	1242	1
1488	1242	1
1489	1242	1
1490	1242	1
1491	1242	1
1492	1242	1
1493	1242	1
1494	1242	1
1495	1242	1
1496	1242	1
1497	1242	1
1498	1242	1
1499	466	0.07
1499	467	0.12
1499	468	0.43
1499	658	0.38
1500	464	0.18
1500	465	0.14
1500	466	0.68
1501	467	0.26
1501	472	0.1
1501	473	0.27
1501	474	0.37
1502	469	0.42
1502	470	0.27
1502	482	0.05
1502	484	0.26
1503	471	0.48
1503	473	0.02
1503	474	0.01
1503	483	0.49
1504	476	0.2
1504	477	0.18
1504	482	0.62
1505	407	0.01
1505	408	0.03
1505	409	0.04
1505	455	0.14
1505	478	0.05
1505	479	0.09
1505	480	0.12
1505	482	0.52
1506	389	0.16
1506	391	0.15
1506	392	0.07
1506	402	0.01
1506	404	0.09
1506	405	0.08
1506	406	0.34
1506	407	0.09
1506	515	0.01
1507	403	0.07
1507	404	0.07
1507	407	0.08
1507	408	0.36
1507	409	0.42
1508	392	0.17
1508	401	0.56
1508	402	0.27
1509	349	0.01
1509	384	0.18
1509	385	0.15
1509	386	0.19
1509	387	0.22
1509	388	0.18
1509	490	0.01
1509	491	0.01
1509	492	0.01
1509	493	0.01
1509	494	0.03
1510	381	0.03
1510	382	0.3
1510	383	0.13
1510	390	0.11
1510	393	0.13
1510	394	0.1
1510	395	0.18
1510	401	0.02
1511	347	0.02
1511	348	0.52
1511	349	0.16
1511	351	0.24
1511	494	0.05
1511	495	0.01
1512	350	0.16
1512	351	0.41
1512	352	0.23
1512	353	0.2
1513	351	0.08
1513	354	0.08
1513	355	0.3
1513	356	0.18
1513	357	0.25
1513	358	0.11
1514	344	0.03
1514	345	0.35
1514	346	0.24
1514	347	0.35
1514	526	0.03
1515	321	0.46
1515	322	0.48
1515	345	0.01
1515	346	0.05
1516	317	0.15
1516	318	0.61
1516	319	0.12
1516	320	0.12
1517	323	0.13
1517	326	0.14
1517	327	0.25
1517	344	0.48
1518	335	0.12
1518	336	0.12
1518	337	0.08
1518	338	0.12
1518	339	0.08
1518	340	0.21
1518	342	0.1
1518	533	0.01
1518	535	0.01
1518	636	0.13
1518	637	0.01
1518	638	0.01
1519	297	0.05
1519	328	0.13
1519	329	0.03
1519	330	0.1
1519	331	0.09
1519	332	0.12
1519	333	0.11
1519	334	0.1
1519	335	0.02
1519	341	0.11
1519	343	0.14
1520	299	0.29
1520	300	0.18
1520	308	0.13
1520	316	0.13
1520	324	0.12
1520	325	0.15
1521	1298	0.32
1521	295	0.29
1521	296	0.23
1521	297	0.16
1522	294	0.12
1522	295	0.17
1522	296	0.07
1522	297	0.05
1522	298	0.26
1522	301	0.15
1522	302	0.12
1522	330	0.01
1522	331	0.05
1523	303	0.18
1523	304	0.11
1523	305	0.06
1523	306	0.07
1523	307	0.12
1523	309	0.15
1523	310	0.21
1523	315	0.1
1524	290	0.29
1524	291	0.25
1524	292	0.15
1524	293	0.31
1525	311	0.28
1525	312	0.13
1525	314	0.44
1525	315	0.15
1526	286	0.09
1526	287	0.22
1526	288	0.34
1526	289	0.24
1526	313	0.11
1527	359	0.21
1527	360	0.33
1527	361	0.23
1527	362	0.08
1527	363	0.15
1528	288	0.01
1528	364	0.05
1528	365	0.2
1528	366	0.25
1528	367	0.24
1528	368	0.25
1529	379	0.17
1529	380	0.46
1529	381	0.25
1529	394	0.12
1530	377	0.46
1530	378	0.46
1530	396	0.04
1530	398	0.04
1531	396	0.5
1531	398	0.44
1531	400	0.06
1532	400	0.48
1532	410	0.17
1532	411	0.35
1533	416	0.04
1533	417	0.47
1533	418	0.28
1533	419	0.21
1534	419	0.01
1534	434	0.13
1534	451	0.17
1534	452	0.23
1534	453	0.32
1534	454	0.14
1535	450	0.01
1535	456	0.32
1535	457	0.26
1535	474	0.01
1535	475	0.4
1536	435	0.49
1536	450	0.51
1537	19	0.07
1537	436	0.08
1537	437	0.17
1537	439	0.02
1537	448	0.03
1537	449	0.32
1537	458	0.12
1537	459	0.04
1537	460	0.11
1537	474	0.04
1538	447	0.25
1538	459	0.09
1538	461	0.16
1538	462	0.5
1539	16	0.03
1539	17	0.08
1539	438	0.11
1539	439	0.13
1539	440	0.24
1539	445	0.24
1539	446	0.07
1539	448	0.1
1540	16	0.01
1540	441	0.05
1540	442	0.07
1540	443	0.27
1540	444	0.39
1540	463	0.21
1541	634	1
1542	50	0.02
1542	635	0.98
1543	47	0.05
1543	48	0.12
1543	49	0.24
1543	50	0.12
1543	52	0.24
1543	53	0.23
1544	11	0.01
1544	12	0.59
1544	13	0.06
1544	14	0.14
1544	15	0.2
1545	11	1
1546	10	0.25
1546	7	0.25
1546	8	0.25
1546	9	0.25
1547	18	0.13
1547	20	0.13
1547	21	0.12
1547	26	0.12
1547	30	0.25
1547	31	0.12
1547	32	0.13
1548	33	0.26
1548	34	0.24
1548	40	0.25
1548	41	0.25
1549	42	0.24
1549	43	0.27
1549	5	0.26
1549	6	0.23
1550	22	0.25
1550	23	0.27
1550	27	0.13
1550	28	0.11
1550	29	0.24
1551	35	0.25
1551	36	0.25
1551	38	0.25
1551	39	0.25
1552	2	0.13
1552	3	0.1
1552	4	0.24
1552	44	0.25
1552	45	0.28
1553	24	0.52
1553	25	0.48
1554	37	0.95
1554	429	0.03
1554	431	0.02
1555	1	0.39
1555	183	0.03
1555	185	0.03
1555	46	0.55
1556	428	0.08
1556	429	0.14
1556	430	0.13
1556	431	0.18
1556	432	0.22
1556	433	0.25
1557	183	0.35
1557	185	0.21
1557	186	0.23
1557	187	0.21
1558	415	0.21
1558	420	0.15
1558	421	0.09
1558	422	0.05
1558	423	0.08
1558	424	0.03
1558	425	0.06
1558	426	0.17
1558	427	0.09
1558	432	0.01
1558	481	0.06
1559	176	0.01
1559	188	0.54
1559	189	0.18
1559	190	0.27
1560	399	0.23
1560	411	0.13
1560	412	0.19
1560	413	0.26
1560	414	0.19
1561	191	0.24
1561	192	0.11
1561	193	0.13
1561	194	0.09
1561	195	0.32
1561	196	0.11
1562	376	0.67
1562	397	0.27
1562	398	0.06
1563	197	0.03
1563	198	0.04
1563	199	0.13
1563	200	0.24
1563	201	0.18
1563	202	0.12
1563	203	0.18
1563	204	0.04
1563	205	0.04
1564	282	0.01
1564	285	0.01
1564	369	0.35
1564	370	0.29
1564	371	0.12
1564	372	0.05
1564	373	0.11
1564	375	0.06
1565	206	0.15
1565	207	0.18
1565	208	0.04
1565	209	0.05
1565	210	0.16
1565	211	0.08
1565	212	0.16
1565	213	0.13
1565	374	0.05
1566	281	0.26
1566	282	0.18
1566	283	0.06
1566	284	0.22
1566	285	0.28
1567	214	0.03
1567	216	0.15
1567	217	0.28
1567	218	0.28
1567	219	0.21
1567	221	0.01
1567	224	0.04
1568	220	0.11
1568	221	0.33
1568	222	0.22
1568	223	0.2
1568	224	0.03
1568	225	0.11
1569	277	0.13
1569	278	0.23
1569	279	0.37
1569	280	0.27
1570	239	0.14
1570	240	0.15
1570	241	0.06
1570	242	0.25
1570	243	0.18
1570	244	0.04
1570	245	0.12
1570	246	0.06
1571	274	0.47
1571	275	0.25
1571	276	0.28
1572	256	0.17
1572	257	0.07
1572	258	0.28
1572	259	0.48
1573	270	0.2
1573	271	0.25
1573	272	0.25
1573	273	0.29
1573	295	0.01
1574	263	0.02
1574	265	0.18
1574	266	0.3
1574	268	0.02
1574	269	0.22
1574	968	0.13
1574	969	0.13
1575	262	0.13
1575	263	0.12
1575	264	0.05
1575	267	0.1
1575	268	0.19
1575	966	0.12
1575	967	0.25
1575	968	0.04
1576	252	0.04
1576	253	0.04
1576	254	0.23
1576	255	0.38
1576	260	0.22
1576	261	0.09
1577	251	0.08
1577	252	0.42
1577	253	0.35
1577	261	0.04
1577	966	0.11
1578	226	0.14
1578	236	0.28
1578	237	0.36
1578	238	0.22
1579	215	0.12
1579	931	0.34
1579	932	0.15
1579	933	0.16
1579	934	0.09
1579	935	0.14
1580	138	0.3
1580	139	0.16
1580	140	0.29
1580	141	0.25
1581	133	0.2
1581	134	0.12
1581	135	0.12
1581	136	0.11
1581	137	0.13
1581	142	0.32
1582	144	0.16
1582	145	0.04
1582	146	0.09
1582	147	0.04
1582	148	0.06
1582	149	0.08
1582	150	0.05
1582	152	0.09
1582	153	0.07
1582	154	0.03
1582	155	0.05
1582	156	0.03
1582	157	0.07
1582	158	0.07
1582	159	0.07
1583	143	0.35
1583	151	0.31
1583	160	0.34
1584	106	0.24
1584	107	0.29
1584	108	0.21
1584	127	0.12
1584	142	0.01
1584	143	0.01
1584	160	0.01
1584	161	0.02
1584	170	0.02
1584	96	0.02
1584	97	0.05
1585	161	0.14
1585	162	0.1
1585	163	0.1
1585	164	0.09
1585	165	0.08
1585	166	0.18
1585	167	0.17
1585	168	0.06
1585	169	0.08
1586	170	0.05
1586	171	0.13
1586	172	0.1
1586	173	0.11
1586	174	0.06
1586	175	0.06
1586	176	0.11
1586	177	0.08
1586	178	0.15
1586	179	0.15
1587	180	0.16
1587	181	0.23
1587	182	0.28
1587	184	0.31
1587	86	0.02
1588	184	0.03
1588	62	0.35
1588	86	0.62
1589	60	0.18
1589	61	0.17
1589	81	0.12
1589	82	0.08
1589	83	0.16
1589	84	0.16
1589	85	0.13
1590	58	0.11
1590	59	0.12
1590	73	0.18
1590	74	0.14
1590	75	0.12
1590	76	0.33
1591	56	0.22
1591	57	0.22
1591	71	0.44
1591	72	0.12
1592	54	0.5
1592	55	0.13
1592	631	0.37
1593	628	0.56
1593	629	0.07
1593	63	0.06
1593	630	0.12
1593	64	0.19
1594	51	0.11
1594	627	0.29
1594	632	0.6
1595	625	0.58
1595	626	0.4
1595	633	0.02
1596	624	1
1597	617	1
1598	617	0.04
1598	618	0.95
1598	619	0.01
1599	623	1
1600	619	0.99
1600	681	0.01
1601	620	0.25
1601	621	0.11
1601	622	0.64
1602	65	0.09
1602	66	0.12
1602	67	0.14
1602	68	0.2
1602	682	0.01
1602	69	0.16
1602	70	0.28
1603	619	0.01
1603	681	0.24
1603	682	0.44
1603	683	0.1
1603	684	0.11
1603	694	0.03
1603	87	0.07
1604	77	0.3
1604	78	0.19
1604	79	0.19
1604	80	0.24
1604	86	0.05
1604	88	0.03
1605	88	1
1606	87	0.28
1606	89	0.44
1606	90	0.28
1607	87	0.02
1607	89	0.03
1607	90	0.01
1607	91	0.55
1607	92	0.39
1608	100	0.03
1608	93	0.21
1608	94	0.16
1608	95	0.03
1608	96	0.13
1608	97	0.04
1608	98	0.06
1608	99	0.34
1609	101	0.11
1609	102	0.1
1609	103	0.1
1609	104	0.1
1609	105	0.41
1609	111	0.09
1609	97	0.06
1609	98	0.03
1610	109	0.1
1610	110	0.23
1610	111	0.17
1610	112	0.25
1610	113	0.25
1611	125	0.26
1611	126	0.13
1611	127	0.13
1611	128	0.11
1611	129	0.1
1611	130	0.26
1611	133	0.01
1612	936	0.11
1612	937	0.03
1612	938	0.08
1612	939	0.13
1612	940	0.19
1612	942	0.07
1612	943	0.08
1612	944	0.06
1612	946	0.16
1612	952	0.09
1613	130	0.01
1613	944	0.01
1613	945	0.4
1613	946	0.01
1613	952	0.01
1613	953	0.36
1613	954	0.2
1614	227	0.13
1614	229	0.21
1614	234	0.34
1614	235	0.32
1615	228	0.09
1615	941	0.25
1615	947	0.66
1616	950	0.44
1616	951	0.56
1617	941	0.03
1617	947	0.31
1617	948	0.41
1617	949	0.25
1618	247	0.25
1618	248	0.25
1618	249	0.25
1618	250	0.25
1619	230	0.31
1619	231	0.07
1619	232	0.39
1619	233	0.23
1620	962	0.02
1620	963	0.1
1620	964	0.51
1620	965	0.31
1620	972	0.06
1621	962	0.41
1621	963	0.31
1621	974	0.28
1622	970	0.31
1622	971	0.22
1622	973	0.47
1623	1091	0.39
1623	961	0.27
1623	975	0.34
1624	959	0.23
1624	960	0.4
1624	976	0.37
1625	957	0.16
1625	958	0.07
1625	959	0.06
1625	976	0.14
1625	977	0.32
1625	978	0.13
1625	979	0.12
1626	956	0.18
1626	980	0.82
1627	983	0.48
1627	984	0.36
1627	985	0.16
1628	122	0.01
1628	955	0.46
1628	956	0.01
1628	980	0.03
1628	981	0.49
1629	120	0.01
1629	982	0.93
1629	983	0.06
1630	119	0.39
1630	120	0.08
1630	121	0.01
1630	122	0.1
1630	123	0.15
1630	124	0.11
1630	131	0.06
1630	132	0.1
1631	114	0.21
1631	115	0.29
1631	116	0.27
1631	117	0.12
1631	118	0.11
1632	688	0.01
1632	689	0.2
1632	898	0.79
1633	687	0.07
1633	688	0.47
1633	690	0.4
1633	691	0.06
1634	690	0.03
1634	698	0.56
1634	699	0.41
1635	684	0.01
1635	686	0.63
1635	692	0.35
1635	693	0.01
1636	696	0.01
1636	697	0.47
1636	700	0.51
1636	701	0.01
1637	682	0.08
1637	684	0.05
1637	685	0.12
1637	693	0.09
1637	694	0.18
1637	695	0.29
1637	696	0.07
1637	701	0.08
1637	702	0.04
1638	703	0.2
1638	704	0.07
1638	705	0.08
1638	706	0.13
1638	707	0.1
1638	737	0.05
1638	738	0.06
1638	743	0.11
1638	744	0.13
1638	745	0.07
1639	708	0.23
1639	709	0.26
1639	710	0.51
1640	711	0.9
1640	712	0.09
1640	732	0.01
1641	711	0.01
1641	713	0.3
1641	714	0.17
1641	715	0.18
1641	716	0.17
1641	717	0.17
1642	717	0.2
1642	718	0.06
1642	719	0.35
1642	721	0.14
1642	722	0.25
1643	720	0.43
1643	997	0.57
1644	992	0.27
1644	993	0.39
1644	996	0.34
1645	990	0.91
1645	991	0.08
1645	993	0.01
1646	1091	0.01
1646	986	0.02
1646	987	0.97
1647	984	0.05
1647	985	0.13
1647	986	0.82
1648	1091	0.99
1648	986	0.01
1649	1091	0.02
1649	1092	0.2
1649	1093	0.21
1649	1094	0.08
1649	1095	0.12
1649	1096	0.24
1649	1097	0.13
1650	1079	0.06
1650	1100	0.33
1650	1104	0.27
1650	1105	0.23
1650	1106	0.06
1650	1107	0.05
1651	1076	0.11
1651	1077	0.01
1651	1080	0.23
1651	1081	0.17
1651	1089	0.04
1651	1096	0.02
1651	1097	0.07
1651	1098	0.02
1651	1099	0.33
1652	1054	0.15
1652	1055	0.12
1652	1075	0.13
1652	1077	0.09
1652	1078	0.04
1652	1101	0.09
1652	1102	0.17
1652	1103	0.21
1653	1082	0.06
1653	1083	0.04
1653	1084	0.05
1653	1085	0.07
1653	1086	0.05
1653	1087	0.07
1653	1088	0.07
1653	1089	0.39
1653	1090	0.06
1653	1091	0.06
1653	1096	0.02
1653	1098	0.06
1654	1070	0.18
1654	1071	0.17
1654	1072	0.16
1654	1073	0.4
1654	1074	0.01
1654	1086	0.05
1654	1087	0.03
1655	1050	0.01
1655	1051	0.01
1655	1056	0.47
1655	1057	0.15
1655	1058	0.18
1655	1074	0.18
1656	1059	0.09
1656	1060	0.27
1656	1065	0.1
1656	1067	0.07
1656	1068	0.18
1656	1069	0.29
1657	1062	0.28
1657	1063	0.32
1657	1064	0.18
1657	1065	0.05
1657	1066	0.12
1657	1067	0.05
1658	1003	0.01
1658	1004	0.27
1658	1005	0.09
1658	1006	0.08
1658	987	0.01
1658	988	0.12
1658	989	0.42
1659	1002	0.31
1659	1003	0.31
1659	994	0.17
1659	995	0.21
1660	1000	0.28
1660	1001	0.39
1660	998	0.2
1660	999	0.13
1661	723	0.28
1661	724	0.24
1661	725	0.24
1661	726	0.24
1662	727	0.25
1662	728	0.28
1662	729	0.12
1662	730	0.25
1662	731	0.09
1662	732	0.01
1663	732	0.35
1663	733	0.13
1663	734	0.38
1663	735	0.11
1663	736	0.03
1664	746	0.31
1664	747	0.39
1664	748	0.13
1664	749	0.13
1664	771	0.04
1665	770	0.98
1665	771	0.02
1666	739	0.07
1666	741	0.19
1666	742	0.38
1666	750	0.15
1666	751	0.21
1667	750	0.01
1667	769	0.98
1667	770	0.01
1668	740	0.09
1668	752	0.11
1668	753	0.38
1668	754	0.07
1668	755	0.35
1669	731	0.03
1669	732	0.01
1669	755	0.02
1669	756	0.16
1669	757	0.22
1669	758	0.11
1669	759	0.04
1669	760	0.11
1669	761	0.04
1669	762	0.06
1669	763	0.2
1670	1002	0.04
1670	1012	0.96
1671	1008	0.26
1671	1010	0.22
1671	1011	0.34
1671	1016	0.01
1671	1018	0.17
1672	1007	0.75
1672	1009	0.25
1673	1009	0.01
1673	1034	0.27
1673	1035	0.57
1673	1036	0.15
1674	1034	0.03
1674	1036	0.01
1674	1037	0.12
1674	1038	0.12
1674	1044	0.08
1674	1045	0.09
1674	1046	0.08
1674	1047	0.17
1674	1048	0.08
1674	1049	0.08
1674	1050	0.08
1674	1061	0.06
1675	1030	0.22
1675	1031	0.1
1675	1032	0.13
1675	1033	0.31
1675	1034	0.02
1675	1039	0.09
1675	1040	0.13
1676	1042	0.07
1676	1043	0.07
1676	1051	0.07
1676	1052	0.11
1676	1053	0.03
1676	1136	0.18
1676	1137	0.22
1676	1138	0.25
1677	1041	0.11
1677	1139	0.89
1678	1140	1
1679	1136	0.08
1679	1141	0.11
1679	1142	0.16
1679	1147	0.15
1679	1148	0.05
1679	1149	0.28
1679	1150	0.13
1679	1158	0.03
1679	1159	0.01
1680	1157	0.27
1680	1158	0.39
1680	1159	0.34
1681	1150	0.34
1681	1151	0.3
1681	1155	0.29
1681	1156	0.07
1682	1152	0.48
1682	1153	0.36
1682	1154	0.16
1683	1027	0.02
1683	1028	0.01
1683	1029	0.97
1684	1016	0.01
1684	1028	0.99
1685	1011	0.11
1685	1013	0.2
1685	1014	0.19
1685	1015	0.22
1685	1016	0.2
1685	1019	0.03
1685	1184	0.05
1686	764	0.52
1686	779	0.09
1686	780	0.39
1687	765	0.52
1687	778	0.48
1688	766	0.19
1688	767	0.18
1688	776	0.04
1688	777	0.59
1689	774	0.01
1689	776	0.99
1690	768	0.21
1690	774	0.63
1690	775	0.16
1691	771	0.02
1691	772	0.43
1691	773	0.55
1692	771	0.99
1692	790	0.01
1693	790	0.75
1693	791	0.25
1694	787	0.08
1694	788	0.46
1694	789	0.37
1694	791	0.09
1695	788	0.02
1695	791	0.28
1695	792	0.31
1695	808	0.39
1696	785	0.06
1696	786	0.1
1696	793	0.24
1696	794	0.18
1696	795	0.08
1696	805	0.19
1696	806	0.04
1696	807	0.11
1697	784	0.95
1697	796	0.05
1698	796	1
1699	783	0.51
1699	796	0.02
1699	797	0.47
1700	781	0.52
1700	782	0.48
1701	798	0.58
1701	799	0.42
1702	1015	0.06
1702	1017	0.55
1702	1185	0.39
1703	1019	0.34
1703	1020	0.25
1703	1021	0.24
1703	1022	0.06
1703	1023	0.11
1704	1019	0.01
1704	1024	0.15
1704	1025	0.64
1704	1026	0.01
1704	1027	0.01
1704	1028	0.01
1704	1187	0.17
1705	1026	0.41
1705	1027	0.21
1705	1182	0.04
1705	1186	0.15
1705	1188	0.19
1706	1153	0.02
1706	1167	0.01
1706	1168	0.01
1706	1169	0.89
1706	1170	0.07
1707	1153	0.02
1707	1162	0.06
1707	1163	0.16
1707	1164	0.15
1707	1165	0.22
1707	1166	0.14
1707	1167	0.15
1707	1168	0.1
1708	1166	0.06
1708	1167	0.01
1708	1169	0.17
1708	1171	0.39
1708	1172	0.37
1709	1160	0.15
1709	1161	0.41
1709	1162	0.43
1709	1164	0.01
1710	1161	0.02
1710	1173	0.38
1710	1174	0.28
1710	1175	0.23
1710	1176	0.09
1711	1193	1
1712	1177	0.37
1712	1178	0.62
1712	1192	0.01
1713	1180	0.31
1713	1192	0.69
1714	1179	0.21
1714	1181	0.28
1714	1182	0.31
1714	1183	0.2
1715	799	0.05
1715	800	0.59
1715	801	0.36
1716	1020	0.17
1716	1022	0.04
1716	875	0.78
1716	876	0.01
1717	802	0.18
1717	803	0.37
1717	870	0.2
1717	871	0.01
1717	874	0.24
1718	804	0.12
1718	809	0.28
1718	810	0.21
1718	811	0.16
1718	812	0.05
1718	868	0.02
1718	869	0.16
1719	812	0.62
1719	813	0.21
1719	814	0.17
1720	791	0.05
1720	815	0.17
1720	816	0.18
1720	817	0.11
1720	818	0.46
1720	820	0.01
1720	821	0.02
1721	819	0.43
1721	820	0.13
1721	821	0.16
1721	822	0.24
1721	825	0.04
1722	823	0.17
1722	824	0.6
1722	825	0.08
1722	826	0.06
1722	832	0.08
1722	834	0.01
1723	826	0.05
1723	827	0.21
1723	828	0.17
1723	830	0.16
1723	831	0.16
1723	832	0.24
1723	834	0.01
1724	833	0.23
1724	834	0.18
1724	837	0.04
1724	845	0.19
1724	846	0.13
1724	847	0.21
1724	848	0.02
1725	832	0.43
1725	835	0.13
1725	836	0.14
1725	838	0.05
1725	839	0.07
1725	840	0.09
1725	841	0.09
1726	842	0.2
1726	843	0.31
1726	844	0.49
1727	847	0.01
1727	848	0.47
1727	849	0.46
1727	850	0.06
1728	851	1
1729	861	0.37
1729	862	0.15
1729	863	0.18
1729	864	0.26
1729	866	0.04
1730	859	1
1731	865	0.2
1731	866	0.24
1731	867	0.37
1731	868	0.18
1731	881	0.01
1732	857	0.08
1732	858	0.92
1733	871	0.11
1733	872	0.14
1733	873	0.08
1733	878	0.11
1733	879	0.14
1733	880	0.05
1733	881	0.06
1733	882	0.06
1733	883	0.13
1733	884	0.12
1734	858	0.01
1734	891	0.94
1734	892	0.05
1735	890	1
1736	876	0.33
1736	877	0.1
1736	885	0.34
1736	886	0.23
1737	886	0.27
1737	887	0.15
1737	888	0.26
1737	889	0.04
1737	909	0.28
1738	1189	0.87
1738	877	0.02
1738	886	0.11
1739	1189	0.02
1739	1190	0.98
1740	1191	1
1741	1194	1
1742	1195	1
1743	1195	1
1744	1198	1
1745	1196	1
1746	1196	1
1747	908	0.98
1747	911	0.02
1748	894	0.75
1748	895	0.25
1749	896	0.5
1749	907	0.42
1749	908	0.01
1749	911	0.07
1750	893	1
1751	856	0.99
1751	893	0.01
1752	854	0.49
1752	855	0.38
1752	860	0.13
1753	851	0.01
1753	852	0.69
1753	853	0.3
1754	840	0.18
1754	841	0.27
1754	902	0.55
1755	839	0.2
1755	840	0.08
1755	901	0.72
1756	829	0.21
1756	899	0.67
1756	900	0.12
1757	899	0.03
1757	915	0.97
1758	916	1
1759	914	1
1760	914	0.03
1760	916	0.97
1761	914	1
1762	916	1
1763	852	0.02
1763	903	0.98
1764	914	1
1765	853	0.1
1765	904	0.9
1766	913	1
1767	913	1
1768	912	0.12
1768	913	0.03
1768	917	0.85
1769	912	0.99
1769	917	0.01
1770	905	1
1771	897	0.04
1771	905	0.01
1771	906	0.95
1772	905	0.01
1772	912	0.99
1773	912	0.11
1773	917	0.87
1773	918	0.02
1774	897	0.57
1774	911	0.43
1775	905	0.01
1775	911	0.97
1775	912	0.02
1776	911	1
1777	918	1
1778	911	1
1779	1197	0.01
1779	910	0.99
1780	1197	0.98
1780	910	0.02
1781	1197	0.92
1781	1199	0.01
1781	910	0.07
1782	1197	1
1783	1199	1
1784	1197	1
1785	1199	1
1786	1198	1
1787	1199	1
1788	1198	1
1789	1199	1
1790	1199	1
1791	1199	1
1792	1199	1
1793	1199	1
1794	1199	1
1795	1277	0.01
1795	918	0.99
1796	918	1
1797	918	1
1798	917	0.99
1798	918	0.01
1799	917	1
1800	917	1
1801	917	1
1802	917	1
1803	916	0.01
1803	917	0.99
1804	917	1
1805	917	1
1806	916	0.99
1806	917	0.01
1807	916	0.99
1807	917	0.01
1808	916	1
1809	916	1
1810	1276	0.01
1810	916	0.99
1811	916	1
1812	916	1
1813	916	1
1814	916	1
1815	1276	0.01
1815	916	0.99
1816	916	1
1817	1276	0.01
1817	916	0.99
1818	1272	0.96
1818	916	0.04
1819	1272	0.98
1819	1276	0.01
1819	916	0.01
1820	1272	1
1821	1272	0.98
1821	1276	0.02
1822	1272	1
1823	1272	0.98
1823	1276	0.02
1824	1272	1
1825	1272	0.99
1825	1276	0.01
1826	1272	1
1827	1273	0.99
1827	1275	0.01
1828	1273	1
1829	1273	0.99
1829	1275	0.01
1830	1273	1
1831	1273	0.98
1831	1275	0.02
1832	1273	1
1833	1273	0.55
1833	1274	0.44
1833	1275	0.01
1834	1273	0.99
1834	1274	0.01
1835	1274	1
1836	1273	0.01
1836	1274	0.99
1837	1274	1
1838	1274	1
1839	1274	1
1840	1274	1
1841	1274	1
1842	1274	1
1843	1274	1
1844	1273	0.02
1844	1274	0.98
1845	1273	0.02
1845	1274	0.98
1846	1273	0.99
1846	1274	0.01
1847	1273	1
1848	1273	1
1849	1273	1
1850	1273	1
1851	1273	1
1852	1272	1
1853	1272	1
1854	1272	1
1855	1272	1
1856	1272	1
1857	1272	1
1858	1272	1
1859	1272	1
1860	1272	0.98
1860	916	0.02
1861	1272	1
1862	916	1
1863	916	1
1864	916	1
1865	1272	1
1866	1272	1
1867	1272	1
1868	1272	1
1869	1272	1
1870	1272	1
1871	1272	1
1872	1272	1
1873	1272	1
1874	1272	1
1875	1273	1
1876	1273	1
1877	1273	1
1878	1273	1
1879	1273	0.02
1879	1274	0.98
1880	1273	0.02
1880	1274	0.98
1881	1274	1
1882	1274	1
1883	1200	1
1884	1200	1
1885	1201	1
1886	1201	1
1887	1200	1
1888	1201	1
1889	1201	1
1890	1200	1
1891	1200	1
1892	1201	1
1893	1295	1
1894	1295	1
1895	1296	1
1896	1296	1
1897	1295	1
1898	1295	1
1899	1202	1
1900	1202	1
1901	1202	1
1902	1202	1
1903	1203	1
1904	1203	1
1905	1207	1
1906	1203	1
1907	1204	1
1908	1146	0.02
1908	1205	0.03
1908	1206	0.95
1909	1132	0.43
1909	1134	0.02
1909	1135	0.02
1909	1143	0.08
1909	1144	0.17
1909	1145	0.09
1909	1208	0.19
1910	1129	0.06
1910	1130	0.13
1910	1131	0.17
1910	1132	0.14
1910	1133	0.13
1910	1134	0.04
1910	1135	0.01
1910	1144	0.05
1910	1208	0.07
1910	1209	0.2
1911	1208	0.04
1911	1210	0.96
1912	1213	1
1913	1213	1
1914	1213	0.98
1914	1215	0.02
1915	1213	1
1916	1213	0.01
1916	1215	0.99
1917	1215	0.99
1917	1295	0.01
1918	1295	1
1919	1296	1
1920	1296	1
1921	1215	1
1922	1214	1
1923	1214	1
1924	1214	1
1925	1212	1
1926	1212	1
1927	1212	1
1928	1128	0.01
1928	1211	0.99
1929	1108	0.12
1929	1109	0.03
1929	1110	0.03
1929	1120	0.05
1929	1121	0.13
1929	1122	0.03
1929	1123	0.12
1929	1124	0.06
1929	1125	0.04
1929	1126	0.22
1929	1127	0.09
1929	1128	0.08
1930	1116	0.08
1930	1117	0.13
1930	1118	0.19
1930	1119	0.24
1930	1120	0.19
1930	1122	0.17
1931	1111	0.13
1931	1112	0.16
1931	1113	0.26
1931	1114	0.33
1931	1115	0.12
1932	1106	0.58
1932	1107	0.42
1933	1297	1
1934	1297	1
1935	1297	1
1936	1297	0.92
1936	1298	0.08
1937	1297	1
1938	1297	1
1939	1297	0.99
1939	1298	0.01
1940	1297	1
1941	1297	0.99
1941	1299	0.01
1942	1297	0.99
1942	1299	0.01
1943	1299	1
1944	1299	1
1945	1296	0.01
1945	1299	0.99
1946	1296	0.99
1946	1305	0.01
1947	1305	1
1948	1296	0.01
1948	1305	0.99
1949	1305	1
1950	1305	1
1951	1304	1
1952	1299	1
1953	1299	1
1954	1299	1
1955	1299	1
1956	1299	1
1957	1299	1
1958	1299	0.01
1958	1301	0.01
1958	1302	0.98
1959	1298	0.99
1959	1299	0.01
1960	1298	1
1961	1298	1
1962	1300	1
1963	1298	1
1964	1298	1
1965	1300	0.93
1965	1301	0.07
1966	1301	1
1967	1301	1
1968	1301	0.98
1968	1302	0.02
1969	1301	1
1970	1301	1
1971	1301	0.03
1971	1303	0.01
1971	1304	0.96
1972	1299	0.05
1972	1302	0.95
1973	1301	0.01
1973	1302	0.97
1973	1304	0.02
1974	1304	1
1975	1304	0.95
1975	1309	0.05
1976	1299	0.03
1976	1302	0.96
1976	1304	0.01
1977	1304	1
1978	1304	0.99
1978	1309	0.01
1979	1304	0.99
1979	1305	0.01
1980	1304	0.01
1980	1305	0.03
1980	1307	0.96
1981	1304	0.02
1981	1307	0.95
1981	1309	0.03
1982	1305	0.04
1982	1306	0.17
1982	1307	0.79
1983	1307	1
1984	1307	1
1985	1307	1
1986	1306	1
1987	1306	0.98
1987	1307	0.02
1988	1306	1
1989	1306	0.99
1989	1310	0.01
1990	1306	0.98
1990	1310	0.01
1990	1311	0.01
1991	1306	1
1992	1306	1
1993	1306	1
1994	1306	1
1995	1306	1
1996	1311	1
1997	1311	1
1998	1310	1
1999	1310	1
2000	1312	1
2001	1312	0.97
2001	1313	0.03
2002	1312	1
2003	1312	0.97
2003	1313	0.03
2004	1312	0.55
2004	1313	0.02
2004	1316	0.43
2005	1316	1
2006	1316	1
2007	1326	1
2008	1316	0.98
2008	1326	0.02
2009	1316	1
2010	1316	1
2011	1316	1
2012	1316	1
2013	1316	0.99
2013	1317	0.01
2014	1316	1
2015	1312	0.49
2015	1316	0.5
2015	1317	0.01
2016	1317	1
2017	1311	1
2018	1311	1
2019	1311	1
2020	1311	0.01
2020	1317	0.99
2021	1317	1
2022	1317	1
2023	1317	1
2024	1316	0.18
2024	1317	0.82
2025	1316	0.01
2025	1317	0.99
2026	1316	1
2027	1316	0.98
2027	1317	0.02
2028	1317	1
2029	1316	0.94
2029	1326	0.06
2030	1316	0.97
2030	1317	0.03
2031	1317	1
2032	1317	0.95
2032	1326	0.05
2033	1326	1
2034	1317	0.02
2034	1326	0.98
2035	1317	0.91
2035	1326	0.09
2036	1317	1
2037	1317	1
2038	1317	1
2039	1317	1
2040	1317	1
2041	1317	1
2042	1317	1
2043	1317	1
2044	1317	1
2045	1317	1
2046	1311	0.01
2046	1317	0.99
2047	1311	1
2048	1311	1
2049	1311	1
2050	1317	1
2051	1311	0.01
2051	1317	0.99
2052	1317	1
2053	1317	1
2054	1317	1
2055	1317	1
2056	1317	1
2057	1317	1
2058	1317	0.97
2058	1325	0.03
2059	1317	1
2060	1325	1
2061	1317	1
2062	1317	1
2063	1317	1
2064	1311	1
2065	1311	1
2066	1311	0.03
2066	1317	0.97
2067	1317	1
2068	1317	1
2069	1317	1
2070	1317	1
2071	1317	1
2072	1317	1
2073	1317	1
2074	1317	1
2075	1317	0.99
2075	1353	0.01
2076	1317	1
2077	1317	1
2078	1317	0.99
2078	1318	0.01
2079	1311	0.99
2079	1318	0.01
2080	1311	1
2081	1311	1
2082	1337	1
2083	1337	1
2084	1337	1
2085	1337	1
2086	1337	1
2087	1337	1
2088	1337	1
2089	1285	1
2090	1285	1
2091	1285	1
2092	1285	1
2093	1285	1
2094	1285	1
2095	1285	1
2096	1285	1
2097	1285	1
2098	1285	1
2099	1285	1
2100	1285	1
2101	1284	1
2102	1285	1
2103	1285	1
2104	1284	0.01
2104	1285	0.99
2105	1285	1
2106	1285	0.99
2106	1287	0.01
2107	1285	0.99
2107	1286	0.01
2108	1286	1
2109	1286	1
2110	1286	1
2111	1285	0.01
2111	1286	0.99
2112	1286	1
2113	1286	0.99
2113	1287	0.01
2114	1286	0.99
2114	1287	0.01
2115	1286	0.01
2115	1287	0.99
2116	1286	0.02
2116	1287	0.98
2117	1287	1
2118	1287	1
2119	1287	1
2120	1287	1
2121	1287	1
2122	1287	1
2123	1287	1
2124	1285	0.01
2124	1287	0.99
2125	1287	1
2126	1287	1
2127	1287	1
2128	1287	1
2129	1284	0.02
2129	1287	0.98
2130	1284	1
2131	1284	1
2132	1284	1
2133	1284	1
2134	1284	1
2135	1284	1
2136	1284	1
2137	1284	1
2138	1284	1
2139	1284	1
2140	1284	1
2141	1284	1
2142	1284	1
2143	1284	1
2144	1284	1
2145	1287	1
2146	1284	0.02
2146	1287	0.98
2147	1287	1
2148	1287	1
2149	1287	1
2150	1287	1
2151	1286	0.99
2151	1288	0.01
2152	1286	1
2153	1286	0.01
2153	1288	0.99
2154	1286	0.01
2154	1288	0.99
2155	1287	1
2156	1287	1
2157	1287	1
2158	1287	1
2159	1287	1
2160	1287	1
2161	1287	1
2162	1287	1
2163	1287	1
2164	1287	1
2165	1287	1
2166	1287	1
2167	1287	1
2168	1287	1
2169	1287	1
2170	1287	1
2171	1284	0.99
2171	1287	0.01
2172	1284	0.97
2172	1287	0.03
2173	1284	1
2174	1284	1
2175	1284	1
2176	1284	1
2177	1284	1
2178	1284	1
2179	1284	1
2180	1284	1
2181	1284	1
2182	1284	1
2183	1284	1
2184	1284	1
2185	1284	0.97
2185	1287	0.03
2186	1287	1
2187	1287	1
2188	1287	1
2189	1287	1
2190	1287	1
2191	1287	1
2192	1287	1
2193	1287	1
2194	1287	1
2195	1287	1
2196	1287	1
2197	1287	1
2198	1287	1
2199	1287	1
2200	1287	1
2201	1283	0.06
2201	1287	0.94
2202	1283	0.97
2202	1287	0.03
2203	1287	1
2204	1287	1
2205	1287	1
2206	1283	0.01
2206	1287	0.99
2207	1287	1
2208	1287	1
2209	1287	1
2210	1287	1
2211	1287	0.98
2211	1289	0.02
2212	1289	1
2213	1288	1
2214	1288	1
2215	1288	1
2216	1288	1
2217	1288	1
2218	1290	1
2219	1288	0.01
2219	1289	0.99
2220	1288	0.17
2220	1289	0.83
2221	1289	1
2222	1289	1
2223	1289	1
2224	1289	1
2225	1289	1
2226	1289	0.12
2226	1290	0.88
2227	1289	1
2228	1289	1
2229	1289	1
2230	1289	1
2231	1289	1
2232	1289	1
2233	1289	1
2234	1289	1
2235	1287	0.68
2235	1289	0.32
2236	1287	0.29
2236	1289	0.71
2237	1289	1
2238	1289	1
2239	1287	1
2240	1287	1
2241	1287	1
2242	1287	1
2243	1287	0.95
2243	1289	0.05
2244	1289	1
2245	1289	1
2246	1289	1
2247	1289	1
2248	1283	0.97
2248	1287	0.03
2249	1283	1
2250	1282	1
2251	1282	1
2252	1282	0.96
2252	1283	0.04
2253	1282	1
2254	1282	1
2255	1282	0.97
2255	1283	0.03
2256	1282	1
2257	1282	1
2258	1282	1
2259	1282	1
2260	1282	1
2261	1282	1
2262	1283	1
2263	1283	1
2264	1283	1
2265	1282	1
2266	1282	1
2267	1282	1
2268	1282	1
2269	1282	1
2270	1282	1
2271	1282	1
2272	1282	1
2273	1282	1
2274	1282	1
2275	1282	1
2276	1282	1
2277	1282	1
2278	1282	1
2279	1282	1
2280	1282	1
2281	1282	1
2282	1282	1
2283	1282	1
2284	1282	1
2285	1282	1
2286	1282	1
2287	1282	1
2288	1282	1
2289	1283	1
2290	1283	1
2291	1283	1
2292	1282	1
2293	1282	1
2294	1282	1
2295	1282	1
2296	1281	0.01
2296	1282	0.99
2297	1282	1
2298	1282	1
2299	1282	1
2300	1282	1
2301	1282	1
2302	1282	1
2303	1281	1
2304	1281	1
2305	1281	1
2306	1281	1
2307	1281	1
2308	1281	1
2309	1280	0.01
2309	1281	0.99
2310	1281	1
2311	1281	1
2312	1281	1
2313	1281	1
2314	1281	1
2315	1281	1
2316	1281	1
2317	1281	1
2318	1281	0.99
2318	1282	0.01
2319	1281	1
2320	1281	1
2321	1281	1
2322	1281	0.99
2322	1282	0.01
2323	1281	1
2324	1281	1
2325	1281	0.99
2325	1282	0.01
2326	1281	1
2327	1281	1
2328	1280	0.02
2328	1281	0.98
2329	1280	0.02
2329	1281	0.98
2330	1283	1
2331	1278	0.01
2331	1283	0.99
2332	1283	1
2333	1283	0.99
2333	1289	0.01
2334	1283	0.97
2334	1289	0.03
2335	1283	1
2336	1283	0.02
2336	1289	0.98
2337	1289	1
2338	1289	1
2339	1289	1
2340	1289	1
2341	1289	1
2342	1289	1
2343	1289	1
2344	1289	1
2345	1289	1
2346	1289	1
2347	1289	1
2348	1289	1
2349	1289	1
2350	1289	1
2351	1289	1
2352	1289	1
2353	1289	1
2354	1289	1
2355	1289	1
2356	1289	0.49
2356	1290	0.51
2357	1289	0.99
2357	1290	0.01
2358	1289	0.08
2358	1290	0.92
2359	1290	1
2360	1290	0.99
2360	1291	0.01
2361	1291	1
2362	1291	1
2363	1294	1
2364	1294	1
2365	1294	1
2366	1294	1
2367	1291	1
2368	1291	0.99
2368	1294	0.01
2369	1291	1
2370	1291	1
2371	1291	0.01
2371	1292	0.99
2372	1292	1
2373	1292	1
2374	1290	1
2375	1290	0.99
2375	1292	0.01
2376	1290	0.01
2376	1292	0.99
2377	1290	1
2378	1290	0.02
2378	1292	0.98
2379	1289	0.04
2379	1292	0.96
2380	1292	0.99
2380	1293	0.01
2381	1292	1
2382	1289	0.01
2382	1292	0.99
2383	1278	0.99
2383	1292	0.01
2384	1278	0.98
2384	1292	0.02
2385	1278	0.99
2385	1292	0.01
2386	1278	1
2387	1278	1
2388	1278	1
2389	1278	1
2390	1278	1
2391	1280	0.97
2391	1281	0.03
2392	1278	0.05
2392	1280	0.95
2393	1278	0.04
2393	1280	0.96
2394	1280	0.99
2394	1281	0.01
2395	1280	1
2396	1280	1
2397	1280	0.94
2397	1281	0.06
2398	1280	0.96
2398	1281	0.04
2399	1280	1
2400	1280	1
2401	1280	1
2402	1280	1
2403	1280	1
2404	1280	1
2405	1280	1
2406	1280	1
2407	1280	1
2408	1280	1
2409	1280	1
2410	1280	1
2411	1280	1
2412	1280	1
2413	1280	1
2414	1280	1
2415	1280	1
2416	1280	1
2417	1280	1
2418	1280	1
2419	1280	1
2420	1280	1
2421	1280	1
2422	1278	0.03
2422	1280	0.97
2423	1278	0.99
2423	1280	0.01
2424	1278	1
2425	1278	1
2426	1278	1
2427	1278	1
2428	1278	1
2429	1278	1
2430	1278	1
2431	1278	1
2432	1278	1
2433	1278	1
2434	1278	1
2435	1278	0.99
2435	1292	0.01
2436	1278	0.03
2436	1292	0.01
2436	1293	0.96
2437	1293	1
2438	1292	1
2439	1290	0.01
2439	1292	0.99
2440	1292	1
2441	1292	1
2442	1292	0.94
2442	1294	0.06
2443	1294	1
2444	1292	1
2445	1292	1
2446	1292	1
2447	1293	1
2448	1278	0.05
2448	1293	0.95
2449	1278	0.04
2449	1293	0.96
2450	1278	0.04
2450	1293	0.96
2451	1278	1
2452	1278	1
2453	1278	1
2454	1278	1
2455	1278	1
2456	1278	1
2457	1278	1
2458	1278	1
2459	1278	1
2460	1278	1
2461	1278	1
2462	1278	1
2463	1278	1
2464	1278	1
2465	1278	1
2466	1278	1
2467	1278	1
2468	1278	1
2469	1278	1
2470	1278	1
2471	1278	1
2472	1278	1
2473	1278	1
2474	1278	1
2475	1278	1
2476	1278	1
2477	1278	0.99
2477	1280	0.01
2478	1278	0.93
2478	1280	0.07
2479	1278	0.99
2479	1279	0.01
2480	1278	1
2481	1280	1
2482	1280	1
2483	1278	0.02
2483	1280	0.98
2484	1280	1
2485	1278	0.02
2485	1279	0.98
2486	1280	1
2487	1279	0.99
2487	1280	0.01
2488	1279	0.66
2488	1280	0.34
2489	1279	1
2490	1279	0.96
2490	1280	0.04
2491	1279	1
2492	1280	1
2493	1279	0.01
2493	1280	0.99
2494	1279	1
2495	1279	0.98
2495	1280	0.02
2496	1279	1
2497	1280	1
2498	1280	1
2499	1279	0.99
2499	1280	0.01
2500	1280	1
2501	1279	0.98
2501	1280	0.02
2502	1279	1
2503	1279	1
2504	1279	1
2505	1279	1
2506	1279	1
2507	1279	1
2508	1279	1
2509	1279	1
2510	1279	1
2511	1279	1
2512	1279	1
2513	1279	1
2514	1279	1
2515	1279	1
2516	1279	1
2517	1279	1
2518	1279	1
2519	1279	1
2520	1279	1
2521	1279	1
2522	1279	1
2523	1276	0.07
2523	1279	0.93
2524	1278	0.95
2524	1279	0.05
2525	1276	0.03
2525	1278	0.96
2525	1279	0.01
2526	1278	1
2527	1278	1
2528	1278	1
2529	1278	1
2530	1278	1
2531	1278	1
2532	1278	1
2533	1278	1
2534	1278	1
2535	1278	1
2536	1278	1
2537	1278	1
2538	1278	1
2539	1277	0.01
2539	1278	0.99
2540	1278	1
2541	1278	0.02
2541	1293	0.98
2542	1278	0.03
2542	1293	0.97
2543	1293	1
2544	1293	1
2545	1293	1
2546	1292	0.02
2546	1293	0.98
2547	1292	0.99
2547	1294	0.01
2548	1292	0.02
2548	1293	0.01
2548	1294	0.97
2549	1293	0.99
2549	1294	0.01
2550	1293	1
2551	1200	0.01
2551	1277	0.01
2551	1293	0.98
2552	1293	1
2553	1199	0.01
2553	1200	0.01
2553	1277	0.97
2553	1293	0.01
2554	1277	0.97
2554	1293	0.03
2555	1199	0.02
2555	1277	0.98
2556	1199	0.02
2556	1277	0.98
2557	1277	0.99
2557	1278	0.01
2558	1277	1
2559	1277	1
2560	1277	1
2561	1277	0.99
2561	918	0.01
2562	1277	0.96
2562	1278	0.04
2563	1277	1
2564	1277	0.99
2564	1278	0.01
2565	1277	1
2566	1278	1
2567	1276	0.04
2567	1278	0.96
2568	1278	1
2569	1276	1
2570	1279	1
2571	1279	1
2572	1279	1
2573	1279	1
2574	1279	1
2575	1279	1
2576	1279	1
2577	1279	1
2578	1279	1
2579	1279	1
2580	1279	1
2581	1279	1
2582	1279	1
2583	1275	1
2584	1275	1
2585	1275	0.99
2585	1279	0.01
2586	1275	0.98
2586	1279	0.02
2587	1279	1
2588	1279	1
2589	1279	1
2590	1279	1
2591	1275	0.01
2591	1279	0.99
2592	1279	1
2593	1279	1
2594	1279	1
2595	1279	1
2596	1279	1
2597	1276	1
2598	1276	0.3
2598	1279	0.7
2599	1276	1
2600	1276	1
2601	1276	1
2602	1276	1
2603	1276	1
2604	1276	1
2605	1276	1
2606	1276	1
2607	1276	1
2608	1276	0.96
2608	1277	0.02
2608	1278	0.02
2609	1276	1
2610	1276	1
2611	1276	1
2612	1276	1
2613	1276	1
2614	1276	1
2615	1276	1
2616	1276	1
2617	1276	1
2618	1276	1
2619	1276	1
2620	1276	1
2621	1276	1
2622	1275	0.99
2622	1279	0.01
2623	1275	1
2624	1275	1
2625	1275	1
2626	1275	1
2627	1275	1
2628	1275	1
2629	1275	1
2630	1275	1
2631	1275	1
2632	1275	1
2633	1275	1
2634	1275	1
2635	1275	1
2636	1275	1
2637	1275	1
2638	1275	1
2639	1275	1
2640	1275	1
2641	1275	1
2642	1275	1
2643	1275	1
2644	1275	1
2645	1275	1
2646	1275	1
2647	1275	1
2648	1275	1
2649	1275	1
2650	1276	1
2651	1276	1
2652	1276	1
2653	1276	1
2654	1276	1
2655	1276	1
2656	1276	1
2657	1276	1
2658	1276	1
2659	1276	0.99
2659	916	0.01
2660	1276	1
2661	1276	1
2662	1276	1
2663	1276	1
2664	1276	0.99
2664	916	0.01
2665	1276	1
2666	1276	1
2667	1276	1
2668	1276	0.89
2668	1277	0.1
2668	917	0.01
2669	1322	1
2670	1322	1
2671	1322	1
2672	1322	1
2673	1322	1
2674	1322	1
2675	1322	1
2676	1322	1
2677	1322	1
2678	1322	1
2679	1322	1
2680	1322	1
2681	1322	1
2682	1322	1
2683	1322	1
2684	1322	1
2685	1322	1
2686	1322	1
2687	1322	1
2688	1322	1
2689	1322	1
2690	1322	1
2691	1322	1
2692	1322	1
2693	1322	1
2694	1322	1
2695	1322	1
2696	1322	0.99
2696	1346	0.01
2697	1322	0.99
2697	1346	0.01
2698	1322	1
2699	1322	1
2700	1322	1
2701	1322	1
2702	1322	1
2703	1322	1
2704	1322	1
2705	1322	1
2706	1322	1
2707	1322	1
2708	1322	1
2709	1322	1
2710	1322	1
2711	1322	1
2712	1322	1
2713	1322	1
2714	1322	1
2715	1322	1
2716	1322	1
2717	1322	1
2718	1322	1
2719	1322	1
2720	1322	1
2721	1322	1
2722	1322	1
2723	1322	1
2724	1322	1
2725	1322	1
2726	1322	1
2727	1322	1
2728	1322	1
2729	1322	1
2730	1322	1
2731	1322	1
2732	1322	1
2733	1322	1
2734	1322	1
2735	1322	1
2736	1322	1
2737	1322	1
2738	1322	1
2739	1322	1
2740	1322	1
2741	1322	1
2742	1322	1
2743	1322	1
2744	1322	1
2745	1322	1
2746	1322	1
2747	1322	1
2748	1322	1
2749	1322	1
2750	1322	1
2751	1322	1
2752	1322	1
2753	1322	1
2754	1323	1
2755	1323	1
2756	1323	1
2757	1323	1
2758	1323	1
2759	1323	1
2760	1352	1
2761	1323	1
2762	1323	1
2763	1323	1
2764	1323	1
2765	1323	1
2766	1323	1
2767	1323	1
2768	1323	1
2769	1323	1
2770	1323	1
2771	1323	1
2772	1323	1
2773	1323	1
2774	1323	1
2775	1323	1
2776	1323	1
2777	1323	1
2778	1323	1
2779	1323	1
2780	1352	1
2781	1323	1
2782	1323	1
2783	1323	1
2784	1323	1
2785	1323	1
2786	1323	1
2787	1323	1
2788	1323	1
2789	1323	1
2790	1323	1
2791	1323	1
2792	1323	1
2793	1323	1
2794	1323	1
2795	1323	1
2796	1323	1
2797	1323	1
2798	1323	1
2799	1323	1
2800	1323	1
2801	1323	1
2802	1323	1
2803	1323	1
2804	1323	1
2805	1323	1
2806	1323	1
2807	1323	1
2808	1323	1
2809	1323	1
2810	1323	1
2811	1323	1
2812	1323	1
2813	1323	1
2814	1323	1
2815	1323	1
2816	1323	1
2817	1323	1
2818	1323	1
2819	1323	1
2820	1323	1
2821	1323	1
2822	1323	1
2823	1323	1
2824	1323	1
2825	1323	1
2826	1323	1
2827	1323	1
2828	1323	1
2829	1323	1
2830	1323	1
2831	1323	1
2832	1323	1
2833	1323	1
2834	1323	1
2835	1323	1
2836	1323	1
2837	1323	1
2838	1323	1
2839	1323	1
2840	1323	1
2841	1323	1
2842	1323	1
2843	1323	1
2844	1323	1
2845	1323	1
2846	1323	1
2847	1323	1
2848	1323	1
2849	1323	1
2850	1323	1
2851	1323	1
2852	1323	1
2853	1323	1
2854	1323	1
2855	1323	1
2856	1323	1
2857	1323	1
2858	1323	1
2859	1323	1
2860	1323	1
2861	1323	1
2862	1323	1
2863	1323	1
2864	1323	1
2865	1323	1
2866	1323	1
2867	1323	1
2868	1323	1
2869	1323	1
2870	1323	1
2871	1323	1
2872	1323	1
2873	1323	1
2874	1323	1
2875	1323	1
2876	1323	1
2877	1323	1
2878	1323	1
2879	1323	1
2880	1323	1
2881	1323	1
2882	1323	1
2883	1323	1
2884	1323	1
2885	1323	1
2886	1323	1
2887	1323	1
2888	1323	1
2889	1323	1
2890	1323	1
2891	1323	1
2892	1323	1
2893	1323	1
2894	1323	1
2895	1323	1
2896	1323	1
2897	1323	1
2898	1323	1
2899	1323	1
2900	1323	1
2901	1323	1
2902	1323	1
2903	1323	1
2904	1323	1
2905	1323	1
2906	1323	1
2907	1323	1
2908	1323	1
2909	1323	1
2910	1323	0.99
2910	1351	0.01
2911	1323	0.98
2911	1351	0.02
2912	1323	0.89
2912	1351	0.11
2913	1323	1
2914	1323	1
2915	1323	1
2916	1323	1
2917	1323	1
2918	1323	1
2919	1323	1
2920	1323	1
2921	1323	0.15
2921	1351	0.85
2922	1350	0.05
2922	1351	0.95
2923	1323	1
2924	1323	1
2925	1323	1
2926	1323	1
2927	1323	0.32
2927	1351	0.68
2928	1323	0.04
2928	1351	0.96
2929	1323	1
2930	1323	0.97
2930	1351	0.03
2931	1323	1
2932	1323	1
2933	1323	0.99
2933	1351	0.01
2934	1323	1
2935	1323	0.96
2935	1351	0.04
2936	1323	0.02
2936	1351	0.98
2937	1323	0.04
2937	1351	0.96
2938	1323	0.05
2938	1351	0.95
2939	1323	0.01
2939	1351	0.99
2940	1323	0.02
2940	1351	0.98
2941	1323	0.02
2941	1351	0.98
2942	1323	0.02
2942	1351	0.98
2943	1323	0.02
2943	1351	0.98
2944	1351	1
2945	1351	1
2946	1351	1
2947	1351	1
2948	1351	1
2949	1351	1
2950	1351	1
2951	1351	1
2952	1323	0.09
2952	1351	0.91
2953	1351	1
2954	1323	0.04
2954	1351	0.96
2955	1351	1
2956	1323	0.03
2956	1351	0.97
2957	1351	1
2958	1351	1
2959	1351	1
2960	1351	1
2961	1351	1
2962	1351	1
2963	1351	1
2964	1351	1
2965	1351	1
2966	1351	1
2967	1351	1
2968	1351	1
2969	1351	1
2970	1351	1
2971	1351	1
2972	1351	1
2973	1351	1
2974	1351	1
2975	1351	1
2976	1351	1
2977	1351	1
2978	1351	1
2979	1351	1
2980	1351	1
2981	1351	1
2982	1351	1
2983	1351	1
2984	1351	1
2985	1351	1
2986	1351	1
2987	1351	1
2988	1351	1
2989	1351	1
2990	1351	1
2991	1351	1
2992	1351	1
2993	1351	1
2994	1351	1
2995	1351	1
2996	1351	1
2997	1351	1
2998	1351	1
2999	1351	1
3000	1351	1
3001	1351	1
3002	1351	1
3003	1351	1
3004	1351	1
3005	1351	1
3006	1351	1
3007	1351	1
3008	1351	1
3009	1351	1
3010	1351	1
3011	1351	1
3012	1351	1
3013	1351	1
3014	1351	1
3015	1350	0.02
3015	1351	0.98
3016	1351	1
3017	1351	1
3018	1351	1
3019	1351	1
3020	1351	1
3021	1351	1
3022	1351	1
3023	1351	1
3024	1351	1
3025	1351	1
3026	1351	1
3027	1351	1
3028	1351	1
3029	1351	1
3030	1351	1
3031	1351	1
3032	1319	1
3033	1319	1
3034	1319	1
3035	1319	1
3036	1351	1
3037	1351	1
3038	1319	1
3039	1351	1
3040	1351	1
3041	1351	1
3042	1351	1
3043	1351	1
3044	1351	1
3045	1351	1
3046	1351	1
3047	1351	1
3048	1351	1
3049	1351	1
3050	1319	0.02
3050	1351	0.98
3051	1351	1
3052	1319	0.6
3052	1351	0.4
3053	1351	1
3054	1319	0.95
3054	1351	0.05
3055	1319	1
3056	1319	1
3057	1351	1
3058	1319	1
3059	1319	1
3060	1319	1
3061	1319	1
3062	1351	1
3063	1319	1
3064	1319	1
3065	1351	1
3066	1319	1
3067	1319	1
3068	1351	1
3069	1319	1
3070	1319	1
3071	1319	1
3072	1319	1
3073	1319	1
3074	1319	1
3075	1319	1
3076	1319	1
3077	1319	1
3078	1352	1
3079	1352	1
3080	1352	1
3081	1352	1
3082	1352	1
3083	1352	1
3084	1352	1
3085	1352	1
3086	1352	1
3087	1352	1
3088	1352	1
3089	1352	1
3090	1352	1
3091	1352	1
3092	1352	1
3093	1352	1
3094	1352	1
3095	1352	1
3096	1352	1
3097	1352	1
3098	1352	1
3099	1352	1
3100	1352	1
3101	1352	1
3102	1352	1
3103	1352	1
3104	1352	1
3105	1352	1
3106	1352	1
3107	1352	1
3108	1352	1
3109	1352	1
3110	1352	1
3111	1352	1
3112	1352	1
3113	1352	1
3114	1352	1
3115	1352	1
3116	1352	1
3117	1352	1
3118	1352	1
3119	1352	1
3120	1352	1
3121	1352	1
3122	1352	1
3123	1352	1
3124	1352	1
3125	1352	1
3126	1352	1
3127	1352	1
3128	1352	1
3129	1320	0.02
3129	1352	0.98
3130	1352	1
3131	1352	1
3132	1320	0.04
3132	1352	0.96
3133	1320	0.97
3133	1352	0.03
3134	1320	1
3135	1320	1
3136	1320	1
3137	1320	1
3138	1320	1
3139	1320	1
3140	1320	1
3141	1320	1
3142	1320	1
3143	1320	1
3144	1320	1
3145	1320	1
3146	1320	1
3147	1320	1
3148	1320	1
3149	1320	1
3150	1320	1
3151	1320	1
3152	1320	1
3153	1320	1
3154	1320	0.99
3154	1325	0.01
3155	1320	1
3156	1320	1
3157	1320	1
3158	1320	1
3159	1320	0.02
3159	1353	0.98
3160	1320	0.01
3160	1353	0.99
3161	1353	1
3162	1353	1
3163	1317	0.01
3163	1325	0.01
3163	1353	0.98
3164	1353	1
3165	1317	0.05
3165	1353	0.95
3166	1353	1
3167	1353	1
3168	1320	0.06
3168	1353	0.94
3169	1320	1
3170	1320	1
3171	1320	1
3172	1320	1
3173	1320	1
3174	1320	1
3175	1320	1
3176	1320	1
3177	1320	0.99
3177	1352	0.01
3178	1320	1
3179	1320	1
3180	1320	1
3181	1320	1
3182	1320	0.98
3182	1352	0.02
3183	1320	1
3184	1350	0.99
3184	1352	0.01
3185	1350	0.97
3185	1352	0.03
3186	1350	1
3187	1350	0.86
3187	1352	0.14
3188	1350	1
3189	1323	0.01
3189	1350	0.99
3190	1350	1
3191	1323	0.03
3191	1350	0.97
3192	1350	0.98
3192	1351	0.02
3193	1350	1
3194	1350	0.94
3194	1351	0.06
3195	1350	0.93
3195	1351	0.07
3196	1350	1
3197	1350	0.98
3197	1351	0.02
3198	1350	1
3199	1350	1
3200	1350	1
3201	1350	1
3202	1350	1
3203	1350	1
3204	1350	1
3205	1350	1
3206	1350	1
3207	1350	1
3208	1350	1
3209	1350	1
3210	1350	1
3211	1350	1
3212	1320	1
3213	1320	1
3214	1320	1
3215	1320	1
3216	1320	1
3217	1320	1
3218	1320	1
3219	1320	1
3220	1320	1
3221	1320	1
3222	1320	1
3223	1320	0.99
3223	1353	0.01
3224	1353	1
3225	1353	1
3226	1353	1
3227	1353	1
3228	1317	0.04
3228	1353	0.96
3229	1353	1
3230	1320	0.94
3230	1353	0.06
3231	1320	1
3232	1320	1
3233	1320	1
3234	1320	1
3235	1320	1
3236	1320	1
3237	1320	1
3238	1320	1
3239	1320	1
3240	1320	1
3241	1320	1
3242	1320	1
3243	1320	1
3244	1320	1
3245	1320	1
3246	1320	1
3247	1320	1
3248	1350	1
3249	1350	1
3250	1350	1
3251	1350	1
3252	1350	1
3253	1350	1
3254	1350	1
3255	1350	1
3256	1350	1
3257	1350	1
3258	1350	1
3259	1350	1
3260	1350	0.98
3260	1351	0.02
3261	1350	1
3262	1350	0.97
3262	1351	0.03
3263	1350	1
3264	1350	1
3265	1350	1
3266	1350	1
3267	1350	1
3268	1350	1
3269	1350	1
3270	1350	1
3271	1350	1
3272	1350	1
3273	1350	1
3274	1350	1
3275	1350	1
3276	1350	1
3277	1350	1
3278	1320	1
3279	1320	1
3280	1320	1
3281	1320	1
3282	1320	1
3283	1320	1
3284	1320	1
3285	1320	1
3286	1320	1
3287	1320	1
3288	1320	1
3289	1320	1
3290	1320	1
3291	1320	1
3292	1320	0.9
3292	1353	0.1
3293	1320	0.01
3293	1353	0.99
3294	1353	1
3295	1353	1
3296	1353	1
3297	1353	1
3298	1353	1
3299	1353	1
3300	1317	0.01
3300	1353	0.99
3301	1318	1
3302	1311	0.01
3302	1318	0.99
3303	1353	1
3304	1353	1
3305	1353	1
3306	1353	1
3307	1353	1
3308	1353	1
3309	1353	1
3310	1353	1
3311	1353	0.97
3311	1354	0.03
3312	1353	0.18
3312	1354	0.82
3313	1320	1
3314	1320	1
3315	1320	1
3316	1320	1
3317	1354	1
3318	1320	1
3319	1354	1
3320	1320	1
3321	1320	1
3322	1354	1
3323	1350	1
3324	1350	1
3325	1354	1
3326	1350	1
3327	1350	1
3328	1354	1
3329	1350	1
3330	1354	1
3331	1350	1
3332	1350	1
3333	1350	1
3334	1354	1
3335	1350	1
3336	1350	1
3337	1350	1
3338	1354	1
3339	1350	1
3340	1350	1
3341	1354	1
3342	1350	1
3343	1350	0.96
3343	1351	0.04
3344	1319	0.03
3344	1350	0.93
3344	1351	0.04
3345	1319	1
3346	1319	1
3347	1319	1
3348	1319	1
3349	1319	1
3350	1319	1
3351	1319	1
3352	1319	1
3353	1319	1
3354	1319	1
3355	1319	1
3356	1319	1
3357	1321	1
3358	1354	1
3359	1354	1
3360	1354	1
3361	1354	1
3362	1354	1
3363	1354	1
3364	1354	1
3365	1354	1
3366	1354	1
3367	1354	1
3368	1354	1
3369	1354	1
3370	1354	1
3371	1354	1
3372	1354	1
3373	1354	1
3374	1354	1
3375	1354	1
3376	1354	1
3377	1354	1
3378	1354	1
3379	1354	1
3380	1354	1
3381	1354	1
3382	1354	1
3383	1354	1
3384	1354	1
3385	1354	1
3386	1354	1
3387	1354	1
3388	1354	1
3389	1354	1
3390	1354	1
3391	1354	1
3392	1354	1
3393	1354	1
3394	1354	1
3395	1354	1
3396	1319	0.03
3396	1354	0.97
3397	1319	1
3398	1319	1
3399	1354	1
3400	1354	1
3401	1354	1
3402	1354	1
3403	1354	1
3404	1354	1
3405	1354	1
3406	1354	1
3407	1354	1
3408	1354	1
3409	1354	1
3410	1354	1
3411	1354	1
3412	1353	0.97
3412	1354	0.03
3413	1353	1
3414	1353	1
3415	1353	1
3416	1353	1
3417	1318	1
3418	1318	1
3419	1318	1
3420	1318	1
3421	1318	1
3422	1353	1
3423	1318	0.04
3423	1321	0.02
3423	1353	0.94
3424	1353	0.01
3424	1354	0.99
3425	1354	1
3426	1354	1
3427	1354	1
3428	1354	1
3429	1354	1
3430	1354	1
3431	1354	1
3432	1354	1
3433	1354	1
3434	1354	1
3435	1354	1
3436	1354	1
3437	1354	1
3438	1321	1
3439	1321	1
3440	1321	1
3441	1321	1
3442	1321	1
3443	1321	1
3444	1321	1
3445	1318	1
3446	1318	1
3447	1318	1
3448	1318	1
3449	1318	1
3450	1321	1
3451	1318	0.33
3451	1321	0.67
3452	1321	1
3453	1321	1
3454	1321	1
3455	1321	1
3456	1321	1
3457	1321	1
3458	1319	1
3459	1319	1
3460	1321	1
3461	1321	1
3462	1321	1
3463	1318	1
3464	1318	1
3465	1318	1
3466	1318	1
3467	1349	1
3468	1349	1
3469	1349	1
3470	1349	1
3471	1349	1
3472	1349	1
3473	1349	1
3474	1349	1
3475	1349	1
3476	1349	1
3477	1349	1
3478	1349	1
3479	1349	1
3480	1349	1
3481	1349	1
3482	1349	1
3483	1349	1
3484	1349	1
3485	1349	1
3486	1349	1
3487	1349	1
3488	1349	1
3489	1349	1
3490	1349	1
3491	1349	1
3492	1349	1
3493	1349	1
3494	1347	1
3495	1347	1
3496	1347	1
3497	1347	1
3498	1347	1
3499	1347	1
3500	1349	1
3501	1349	1
3502	1349	1
3503	1349	1
3504	1349	1
3505	1349	1
3506	1349	1
3507	1349	1
3508	1347	1
3509	1347	1
3510	1347	1
3511	1347	1
3512	1347	1
3513	1347	1
3514	1347	1
3515	1347	1
3516	1347	1
3517	1347	1
3518	1347	1
3519	1347	1
3520	1347	1
3521	1347	1
3522	1347	1
3523	1347	1
3524	1347	1
3525	1347	1
3526	1347	1
3527	1347	1
3528	1347	1
3529	1347	1
3530	1347	1
3531	1347	1
3532	1347	1
3533	1347	1
3534	1347	1
3535	1347	1
3536	1347	1
3537	1347	1
3538	1347	1
3539	1347	1
3540	1347	1
3541	1347	1
3542	1347	1
3543	1347	1
3544	1347	1
3545	1347	1
3546	1347	1
3547	1347	1
3548	1347	1
3549	1347	1
3550	1347	1
3551	1347	1
3552	1347	1
3553	1347	1
3554	1347	1
3555	1347	1
3556	1347	1
3557	1347	1
3558	1347	1
3559	1347	1
3560	1347	1
3561	1347	1
3562	1347	1
3563	1347	1
3564	1347	1
3565	1347	1
3566	1347	1
3567	1347	1
3568	1347	1
3569	1347	1
3570	1347	1
3571	1347	1
3572	1347	1
3573	1347	1
3574	1347	1
3575	1347	1
3576	1347	1
3577	1347	1
3578	1347	1
3579	1347	1
3580	1347	1
3581	1347	1
3582	1347	1
3583	1347	1
3584	1347	1
3585	1347	1
3586	1347	1
3587	1347	1
3588	1347	1
3589	1347	1
3590	1347	1
3591	1347	1
3592	1347	1
3593	1347	1
3594	1347	1
3595	1347	1
3596	1347	1
3597	1347	1
3598	1347	1
3599	1347	1
3600	1347	1
3601	1347	1
3602	1347	1
3603	1347	1
3604	1347	1
3605	1347	1
3606	1347	1
3607	1347	1
3608	1347	1
3609	1347	1
3610	1347	1
3611	1347	1
3612	1347	1
3613	1347	1
3614	1347	1
3615	1347	1
3616	1347	1
3617	1347	1
3618	1347	1
3619	1347	1
3620	1347	1
3621	1347	1
3622	1347	1
3623	1347	1
3624	1347	1
3625	1347	1
3626	1347	1
3627	1347	1
3628	1347	1
3629	1347	1
3630	1347	1
3631	1347	1
3632	1347	1
3633	1347	1
3634	1347	1
3635	1346	1
3636	1346	1
3637	1346	1
3638	1346	1
3639	1346	1
3640	1346	1
3641	1346	1
3642	1346	1
3643	1346	1
3644	1346	1
3645	1346	1
3646	1346	1
3647	1346	1
3648	1346	1
3649	1346	1
3650	1346	1
3651	1346	1
3652	1346	1
3653	1346	1
3654	1346	1
3655	1346	1
3656	1346	1
3657	1346	1
3658	1346	1
3659	1346	1
3660	1346	1
3661	1346	1
3662	1346	1
3663	1346	1
3664	1346	1
3665	1346	1
3666	1346	1
3667	1346	1
3668	1346	1
3669	1346	1
3670	1346	1
3671	1346	1
3672	1346	1
3673	1346	1
3674	1346	1
3675	1346	1
3676	1346	1
3677	1346	1
3678	1346	1
3679	1346	1
3680	1346	1
3681	1346	1
3682	1348	1
3683	1348	1
3684	1348	1
3685	1348	1
3686	1348	1
3687	1348	1
3688	1348	1
3689	1348	1
3690	1348	1
3691	1348	1
3692	1348	1
3693	1348	1
3694	1348	1
3695	1348	1
3696	1348	1
3697	1348	1
3698	1348	1
3699	1348	1
3700	1348	1
3733	1511	1
3734	1512	1
3735	1513	1
3736	1514	1
3737	1515	1
3738	1516	1
3739	1517	1
3740	1518	1
3741	1519	1
3742	1520	1
3743	1521	1
3744	1522	1
3745	1523	1
3746	1524	1
3747	1525	1
3748	1526	1
3749	1527	1
3750	1528	1
3751	1476	1
3752	1442	1
3753	1367	1
3754	1477	1
3755	1478	1
3756	1525	1
3757	1479	1
3758	1480	1
3759	1365	1
3760	1474	1
3761	1483	1
3762	1473	1
3763	1436	1
3764	1486	1
3765	1489	1
3766	1361	1
3767	1427	1
3768	1362	1
3769	1363	1
3770	1364	1
3771	1365	1
3772	1366	1
3773	1367	1
3774	1367	1
3775	1368	1
3776	1369	1
3777	1370	1
3778	1361	1
3779	1371	1
3780	1373	1
3781	1374	1
3782	1375	1
3783	1376	1
3784	1405	1
3785	1378	1
3786	1379	1
3787	1380	1
3788	1381	1
3789	1382	1
3790	1383	1
3791	1385	1
3792	1386	1
3793	1387	1
3794	1387	1
3795	1389	1
3796	1390	1
3797	1391	1
3798	1392	1
3799	1393	1
3800	1394	1
3801	1471	1
3802	1395	1
3803	1396	1
3804	1397	1
3805	1398	1
3806	1399	1
3807	1400	1
3808	1401	1
3809	1402	1
3810	1403	1
3811	1404	1
3812	1405	1
3813	1406	1
3814	1407	1
3815	1407	1
3816	1408	1
3817	1409	1
3818	1410	1
3819	1411	1
3820	1412	1
3821	1413	1
3822	1415	1
3823	1416	1
3824	1418	1
3825	1494	1
3826	1419	1
3827	1492	1
3828	1482	1
3829	1420	1
3830	1422	1
3831	1423	1
3832	1424	1
3833	1425	1
3834	1426	1
3835	1428	1
3836	1429	1
3837	1430	1
3838	1493	1
3839	1431	1
3840	1432	1
3841	1433	1
3842	1434	1
3843	1435	1
3844	1492	1
3845	1436	1
3846	1456	1
3847	1438	1
3848	1439	1
3849	1491	1
3850	1439	1
3851	1456	1
3852	1483	1
3853	1441	1
3855	1460	1
3856	1445	1
3857	1446	1
3858	1391	1
3861	1448	1
3862	1449	1
3863	1450	1
3864	1451	1
3865	1452	1
3866	1453	1
3867	1454	1
3868	1455	1
3870	1458	1
3871	1459	1
3873	1461	1
3874	1462	1
3875	1463	1
3876	1464	1
3877	1465	1
3878	1368	1
3879	1468	1
3880	1469	1
3881	1438	1
3882	1438	1
3883	1471	1
3884	1472	1
3885	1459	1
3886	1474	1
3888	1440	1
3889	1488	1
3890	1524	1
3891	1429	1
3892	1425	1
3893	1475	1
3894	1384	1
3895	1386	1
3896	1384	1
3897	1413	1
3898	1382	1
3899	1376	1
3900	1485	1
3901	1399	1
3902	1475	1
3903	1404	1
3904	1443	1
3905	1447	1
3906	1467	1
