Zone_id	zone_ordinal	Dest_eligible	External
1	1	1	62
2	2	1	62
3	3	1	62
4	4	1	62
5	5	1	62
6	6	1	62
7	7	1	62
8	8	1	62
9	9	1	62
10	10	1	62
11	11	1	62
12	12	1	62
13	13	1	62
14	14	1	62
15	15	1	62
16	16	1	62
17	17	1	62
18	18	1	62
19	19	1	62
20	20	1	62
21	21	1	62
22	22	1	62
23	23	1	62
24	24	1	62
25	25	1	62
26	26	1	62
27	27	1	62
28	28	1	62
29	29	1	62
30	30	1	62
31	31	1	62
32	32	1	62
33	33	1	62
34	34	1	62
35	35	1	62
36	36	1	62
37	37	1	62
38	38	1	62
39	39	1	62
40	40	1	62
41	41	1	62
42	42	1	62
43	43	1	62
44	44	1	62
45	45	1	62
46	46	1	62
47	47	1	61
48	48	1	61
49	49	1	61
50	50	1	61
51	51	1	61
52	52	1	61
53	53	1	61
54	54	1	61
55	55	1	61
56	56	1	61
57	57	1	61
58	58	1	61
59	59	1	61
60	60	1	61
61	61	1	61
62	62	1	61
63	63	1	61
64	64	1	61
65	65	1	61
66	66	1	61
67	67	1	61
68	68	1	61
69	69	1	61
70	70	1	61
71	71	1	61
72	72	1	61
73	73	1	61
74	74	1	61
75	75	1	61
76	76	1	61
77	77	1	61
78	78	1	61
79	79	1	61
80	80	1	61
81	81	1	61
82	82	1	61
83	83	1	61
84	84	1	61
85	85	1	61
86	86	1	61
87	87	1	61
88	88	1	61
89	89	1	61
90	90	1	61
91	91	1	61
92	92	1	61
93	93	1	61
94	94	1	61
95	95	1	61
96	96	1	61
97	97	1	61
98	98	1	61
99	99	1	61
100	100	1	61
101	101	1	61
102	102	1	61
103	103	1	61
104	104	1	61
105	105	1	61
106	106	1	61
107	107	1	61
108	108	1	61
109	109	1	61
110	110	1	61
111	111	1	61
112	112	1	61
113	113	1	61
114	114	1	61
115	115	1	61
116	116	1	61
117	117	1	61
118	118	1	61
119	119	1	61
120	120	1	61
121	121	1	61
122	122	1	61
123	123	1	61
124	124	1	61
125	125	1	61
126	126	1	61
127	127	1	61
128	128	1	61
129	129	1	61
130	130	1	61
131	131	1	61
132	132	1	61
133	133	1	61
134	134	1	61
135	135	1	61
136	136	1	61
137	137	1	61
138	138	1	61
139	139	1	61
140	140	1	61
141	141	1	61
142	142	1	61
143	143	1	61
144	144	1	61
145	145	1	61
146	146	1	61
147	147	1	61
148	148	1	61
149	149	1	61
150	150	1	61
151	151	1	61
152	152	1	61
153	153	1	61
154	154	1	61
155	155	1	61
156	156	1	61
157	157	1	61
158	158	1	61
159	159	1	61
160	160	1	61
161	161	1	61
162	162	1	61
163	163	1	61
164	164	1	61
165	165	1	61
166	166	1	61
167	167	1	61
168	168	1	61
169	169	1	61
170	170	1	61
171	171	1	61
172	172	1	61
173	173	1	61
174	174	1	61
175	175	1	61
176	176	1	61
177	177	1	61
178	178	1	61
179	179	1	61
180	180	1	61
181	181	1	61
182	182	1	61
183	183	1	61
184	184	1	61
185	185	1	61
186	186	1	61
187	187	1	61
188	188	1	61
189	189	1	61
190	190	1	61
191	191	1	61
192	192	1	61
193	193	1	61
194	194	1	61
195	195	1	61
196	196	1	61
197	197	1	61
198	198	1	61
199	199	1	61
200	200	1	61
201	201	1	61
202	202	1	61
203	203	1	61
204	204	1	61
205	205	1	61
206	206	1	61
207	207	1	61
208	208	1	61
209	209	1	61
210	210	1	61
211	211	1	61
212	212	1	61
213	213	1	61
214	214	1	61
215	215	1	61
216	216	1	61
217	217	1	61
218	218	1	61
219	219	1	61
220	220	1	61
221	221	1	61
222	222	1	61
223	223	1	61
224	224	1	61
225	225	1	61
226	226	1	61
227	227	1	61
228	228	1	61
229	229	1	61
230	230	1	61
231	231	1	61
232	232	1	61
233	233	1	61
234	234	1	61
235	235	1	61
236	236	1	61
237	237	1	61
238	238	1	61
239	239	1	61
240	240	1	61
241	241	1	61
242	242	1	61
243	243	1	61
244	244	1	61
245	245	1	61
246	246	1	61
247	247	1	61
248	248	1	61
249	249	1	61
250	250	1	61
251	251	1	61
252	252	1	61
253	253	1	61
254	254	1	61
255	255	1	61
256	256	1	61
257	257	1	61
258	258	1	61
259	259	1	61
260	260	1	61
261	261	1	61
262	262	1	61
263	263	1	61
264	264	1	61
265	265	1	61
266	266	1	61
267	267	1	61
268	268	1	61
269	269	1	61
270	270	1	61
271	271	1	61
272	272	1	61
273	273	1	61
274	274	1	61
275	275	1	61
276	276	1	61
277	277	1	61
278	278	1	61
279	279	1	61
280	280	1	61
281	281	1	61
282	282	1	61
283	283	1	61
284	284	1	61
285	285	1	61
286	286	1	61
287	287	1	61
288	288	1	61
289	289	1	61
290	290	1	61
291	291	1	61
292	292	1	61
293	293	1	61
294	294	1	61
295	295	1	61
296	296	1	61
297	297	1	61
298	298	1	61
299	299	1	61
300	300	1	61
301	301	1	61
302	302	1	61
303	303	1	61
304	304	1	61
305	305	1	61
306	306	1	61
307	307	1	61
308	308	1	61
309	309	1	61
310	310	1	61
311	311	1	61
312	312	1	61
313	313	1	61
314	314	1	61
315	315	1	61
316	316	1	61
317	317	1	61
318	318	1	61
319	319	1	61
320	320	1	61
321	321	1	61
322	322	1	61
323	323	1	61
324	324	1	61
325	325	1	61
326	326	1	61
327	327	1	61
328	328	1	61
329	329	1	61
330	330	1	61
331	331	1	61
332	332	1	61
333	333	1	61
334	334	1	61
335	335	1	61
336	336	1	61
337	337	1	61
338	338	1	61
339	339	1	61
340	340	1	61
341	341	1	61
342	342	1	61
343	343	1	61
344	344	1	61
345	345	1	61
346	346	1	61
347	347	1	61
348	348	1	61
349	349	1	61
350	350	1	61
351	351	1	61
352	352	1	61
353	353	1	61
354	354	1	61
355	355	1	61
356	356	1	61
357	357	1	61
358	358	1	61
359	359	1	61
360	360	1	61
361	361	1	61
362	362	1	61
363	363	1	61
364	364	1	61
365	365	1	61
366	366	1	61
367	367	1	61
368	368	1	61
369	369	1	61
370	370	1	61
371	371	1	61
372	372	1	61
373	373	1	61
374	374	1	61
375	375	1	61
376	376	1	61
377	377	1	61
378	378	1	61
379	379	1	61
380	380	1	61
381	381	1	61
382	382	1	61
383	383	1	61
384	384	1	61
385	385	1	61
386	386	1	61
387	387	1	61
388	388	1	61
389	389	1	61
390	390	1	61
391	391	1	61
392	392	1	61
393	393	1	61
394	394	1	61
395	395	1	61
396	396	1	61
397	397	1	61
398	398	1	61
399	399	1	61
400	400	1	61
401	401	1	61
402	402	1	61
403	403	1	61
404	404	1	61
405	405	1	61
406	406	1	61
407	407	1	61
408	408	1	61
409	409	1	61
410	410	1	61
411	411	1	61
412	412	1	61
413	413	1	61
414	414	1	61
415	415	1	61
416	416	1	61
417	417	1	61
418	418	1	61
419	419	1	61
420	420	1	61
421	421	1	61
422	422	1	61
423	423	1	61
424	424	1	61
425	425	1	61
426	426	1	61
427	427	1	61
428	428	1	61
429	429	1	61
430	430	1	61
431	431	1	61
432	432	1	61
433	433	1	61
434	434	1	61
435	435	1	61
436	436	1	61
437	437	1	61
438	438	1	61
439	439	1	61
440	440	1	61
441	441	1	61
442	442	1	61
443	443	1	61
444	444	1	61
445	445	1	61
446	446	1	61
447	447	1	61
448	448	1	61
449	449	1	61
450	450	1	61
451	451	1	61
452	452	1	61
453	453	1	61
454	454	1	61
455	455	1	61
456	456	1	61
457	457	1	61
458	458	1	61
459	459	1	61
460	460	1	61
461	461	1	61
462	462	1	61
463	463	1	61
464	464	1	61
465	465	1	61
466	466	1	61
467	467	1	61
468	468	1	61
469	469	1	61
470	470	1	61
471	471	1	61
472	472	1	61
473	473	1	61
474	474	1	61
475	475	1	61
476	476	1	61
477	477	1	61
478	478	1	61
479	479	1	61
480	480	1	61
481	481	1	61
482	482	1	61
483	483	1	61
484	484	1	61
485	485	1	61
486	486	1	61
487	487	1	61
488	488	1	61
489	489	1	61
490	490	1	61
491	491	1	61
492	492	1	61
493	493	1	61
494	494	1	61
495	495	1	61
496	496	1	61
497	497	1	61
498	498	1	61
499	499	1	61
500	500	1	61
501	501	1	61
502	502	1	61
503	503	1	61
504	504	1	61
505	505	1	61
506	506	1	61
507	507	1	61
508	508	1	61
509	509	1	61
510	510	1	61
511	511	1	61
512	512	1	61
513	513	1	61
514	514	1	61
515	515	1	61
516	516	1	61
517	517	1	61
518	518	1	61
519	519	1	61
520	520	1	61
521	521	1	61
522	522	1	61
523	523	1	61
524	524	1	61
525	525	1	61
526	526	1	61
527	527	1	61
528	528	1	61
529	529	1	61
530	530	1	61
531	531	1	61
532	532	1	61
533	533	1	61
534	534	1	61
535	535	1	61
536	536	1	61
537	537	1	61
538	538	1	61
539	539	1	61
540	540	1	61
541	541	1	61
542	542	1	61
543	543	1	61
544	544	1	61
545	545	1	61
546	546	1	61
547	547	1	61
548	548	1	61
549	549	1	61
550	550	1	61
551	551	1	61
552	552	1	61
553	553	1	61
554	554	1	61
555	555	1	61
556	556	1	61
557	557	1	61
558	558	1	61
559	559	1	61
560	560	1	61
561	561	1	61
562	562	1	61
563	563	1	61
564	564	1	61
565	565	1	61
566	566	1	61
567	567	1	61
568	568	1	61
569	569	1	61
570	570	1	61
571	571	1	61
572	572	1	61
573	573	1	61
574	574	1	61
575	575	1	61
576	576	1	61
577	577	1	61
578	578	1	61
579	579	1	61
580	580	1	61
581	581	1	61
582	582	1	61
583	583	1	61
584	584	1	61
585	585	1	61
586	586	1	61
587	587	1	61
588	588	1	61
589	589	1	61
590	590	1	61
591	591	1	61
592	592	1	61
593	593	1	61
594	594	1	61
595	595	1	61
596	596	1	61
597	597	1	61
598	598	1	61
599	599	1	61
600	600	1	61
601	601	1	61
602	602	1	61
603	603	1	61
604	604	1	61
605	605	1	61
606	606	1	61
607	607	1	61
608	608	1	61
609	609	1	61
610	610	1	61
611	611	1	61
612	612	1	61
613	613	1	61
614	614	1	61
615	615	1	61
616	616	1	61
617	617	1	60
618	618	1	60
619	619	1	60
620	620	1	60
621	621	1	60
622	622	1	60
623	623	1	60
624	624	1	60
625	625	1	60
626	626	1	60
627	627	1	60
628	628	1	60
629	629	1	60
630	630	1	60
631	631	1	60
632	632	1	60
633	633	1	60
634	634	1	60
635	635	1	60
636	636	1	60
637	637	1	60
638	638	1	60
639	639	1	60
640	640	1	60
641	641	1	60
642	642	1	60
643	643	1	60
644	644	1	60
645	645	1	60
646	646	1	60
647	647	1	60
648	648	1	60
649	649	1	60
650	650	1	60
651	651	1	60
652	652	1	60
653	653	1	60
654	654	1	60
655	655	1	60
656	656	1	60
657	657	1	60
658	658	1	60
659	659	0	0
660	660	0	0
661	661	0	0
662	662	0	0
663	663	0	0
664	664	0	0
665	665	0	0
666	666	0	0
667	667	0	0
668	668	0	0
669	669	0	0
670	670	0	0
671	671	0	0
672	672	0	0
673	673	0	0
674	674	0	0
675	675	0	0
676	676	0	0
677	677	0	0
678	678	0	0
679	679	0	0
680	680	0	0
681	681	1	63
682	682	1	63
683	683	1	63
684	684	1	63
685	685	1	63
686	686	1	63
687	687	1	63
688	688	1	63
689	689	1	63
690	690	1	63
691	691	1	63
692	692	1	63
693	693	1	63
694	694	1	63
695	695	1	63
696	696	1	63
697	697	1	63
698	698	1	63
699	699	1	63
700	700	1	63
701	701	1	63
702	702	1	63
703	703	1	63
704	704	1	63
705	705	1	63
706	706	1	63
707	707	1	63
708	708	1	63
709	709	1	63
710	710	1	63
711	711	1	63
712	712	1	63
713	713	1	63
714	714	1	63
715	715	1	63
716	716	1	63
717	717	1	63
718	718	1	63
719	719	1	63
720	720	1	63
721	721	1	63
722	722	1	63
723	723	1	63
724	724	1	63
725	725	1	63
726	726	1	63
727	727	1	63
728	728	1	63
729	729	1	63
730	730	1	63
731	731	1	63
732	732	1	63
733	733	1	63
734	734	1	63
735	735	1	63
736	736	1	63
737	737	1	63
738	738	1	63
739	739	1	63
740	740	1	63
741	741	1	63
742	742	1	63
743	743	1	63
744	744	1	63
745	745	1	63
746	746	1	63
747	747	1	63
748	748	1	63
749	749	1	63
750	750	1	63
751	751	1	63
752	752	1	63
753	753	1	63
754	754	1	63
755	755	1	63
756	756	1	63
757	757	1	63
758	758	1	63
759	759	1	63
760	760	1	63
761	761	1	63
762	762	1	63
763	763	1	63
764	764	1	63
765	765	1	63
766	766	1	63
767	767	1	63
768	768	1	63
769	769	1	63
770	770	1	63
771	771	1	63
772	772	1	63
773	773	1	63
774	774	1	63
775	775	1	63
776	776	1	63
777	777	1	63
778	778	1	63
779	779	1	63
780	780	1	63
781	781	1	63
782	782	1	63
783	783	1	63
784	784	1	63
785	785	1	63
786	786	1	63
787	787	1	63
788	788	1	63
789	789	1	63
790	790	1	63
791	791	1	63
792	792	1	63
793	793	1	63
794	794	1	63
795	795	1	63
796	796	1	63
797	797	1	63
798	798	1	63
799	799	1	63
800	800	1	63
801	801	1	63
802	802	1	63
803	803	1	63
804	804	1	63
805	805	1	63
806	806	1	63
807	807	1	63
808	808	1	63
809	809	1	63
810	810	1	63
811	811	1	63
812	812	1	63
813	813	1	63
814	814	1	63
815	815	1	63
816	816	1	63
817	817	1	63
818	818	1	63
819	819	1	63
820	820	1	63
821	821	1	63
822	822	1	63
823	823	1	63
824	824	1	63
825	825	1	63
826	826	1	63
827	827	1	63
828	828	1	63
829	829	1	63
830	830	1	63
831	831	1	63
832	832	1	63
833	833	1	63
834	834	1	63
835	835	1	63
836	836	1	63
837	837	1	63
838	838	1	63
839	839	1	63
840	840	1	63
841	841	1	63
842	842	1	63
843	843	1	63
844	844	1	63
845	845	1	63
846	846	1	63
847	847	1	63
848	848	1	63
849	849	1	63
850	850	1	63
851	851	1	63
852	852	1	63
853	853	1	63
854	854	1	63
855	855	1	63
856	856	1	63
857	857	1	63
858	858	1	63
859	859	1	63
860	860	1	63
861	861	1	63
862	862	1	63
863	863	1	63
864	864	1	63
865	865	1	63
866	866	1	63
867	867	1	63
868	868	1	63
869	869	1	63
870	870	1	63
871	871	1	63
872	872	1	63
873	873	1	63
874	874	1	63
875	875	1	63
876	876	1	63
877	877	1	63
878	878	1	63
879	879	1	63
880	880	1	63
881	881	1	63
882	882	1	63
883	883	1	63
884	884	1	63
885	885	1	63
886	886	1	63
887	887	1	63
888	888	1	63
889	889	1	63
890	890	1	63
891	891	1	63
892	892	1	63
893	893	1	63
894	894	1	63
895	895	1	63
896	896	1	63
897	897	1	63
898	898	1	60
899	899	1	60
900	900	1	60
901	901	1	60
902	902	1	60
903	903	1	60
904	904	1	60
905	905	1	60
906	906	1	60
907	907	1	60
908	908	1	60
909	909	1	60
910	910	1	60
911	911	1	60
912	912	1	60
913	913	1	60
914	914	1	60
915	915	1	60
916	916	1	60
917	917	1	60
918	918	1	60
919	919	0	0
920	920	0	0
921	921	0	0
922	922	0	0
923	923	0	0
924	924	0	0
925	925	0	0
926	926	0	0
927	927	0	0
928	928	0	0
929	929	0	0
930	930	0	0
931	931	1	64
932	932	1	64
933	933	1	64
934	934	1	64
935	935	1	64
936	936	1	64
937	937	1	64
938	938	1	64
939	939	1	64
940	940	1	64
941	941	1	64
942	942	1	64
943	943	1	64
944	944	1	64
945	945	1	64
946	946	1	64
947	947	1	64
948	948	1	64
949	949	1	64
950	950	1	64
951	951	1	64
952	952	1	64
953	953	1	64
954	954	1	64
955	955	1	64
956	956	1	64
957	957	1	64
958	958	1	64
959	959	1	64
960	960	1	64
961	961	1	64
962	962	1	64
963	963	1	64
964	964	1	64
965	965	1	64
966	966	1	64
967	967	1	64
968	968	1	64
969	969	1	64
970	970	1	64
971	971	1	64
972	972	1	64
973	973	1	64
974	974	1	64
975	975	1	64
976	976	1	64
977	977	1	64
978	978	1	64
979	979	1	64
980	980	1	64
981	981	1	64
982	982	1	64
983	983	1	64
984	984	1	64
985	985	1	64
986	986	1	64
987	987	1	64
988	988	1	64
989	989	1	64
990	990	1	64
991	991	1	64
992	992	1	64
993	993	1	64
994	994	1	64
995	995	1	64
996	996	1	64
997	997	1	64
998	998	1	64
999	999	1	64
1000	1000	1	64
1001	1001	1	64
1002	1002	1	64
1003	1003	1	64
1004	1004	1	64
1005	1005	1	64
1006	1006	1	64
1007	1007	1	64
1008	1008	1	64
1009	1009	1	64
1010	1010	1	64
1011	1011	1	64
1012	1012	1	64
1013	1013	1	64
1014	1014	1	64
1015	1015	1	64
1016	1016	1	64
1017	1017	1	64
1018	1018	1	64
1019	1019	1	64
1020	1020	1	64
1021	1021	1	64
1022	1022	1	64
1023	1023	1	64
1024	1024	1	64
1025	1025	1	64
1026	1026	1	64
1027	1027	1	64
1028	1028	1	64
1029	1029	1	65
1030	1030	1	65
1031	1031	1	65
1032	1032	1	65
1033	1033	1	65
1034	1034	1	64
1035	1035	1	64
1036	1036	1	64
1037	1037	1	65
1038	1038	1	65
1039	1039	1	65
1040	1040	1	65
1041	1041	1	64
1042	1042	1	65
1043	1043	1	65
1044	1044	1	65
1045	1045	1	65
1046	1046	1	65
1047	1047	1	65
1048	1048	1	65
1049	1049	1	65
1050	1050	1	65
1051	1051	1	65
1052	1052	1	65
1053	1053	1	65
1054	1054	1	65
1055	1055	1	65
1056	1056	1	65
1057	1057	1	65
1058	1058	1	65
1059	1059	1	65
1060	1060	1	65
1061	1061	1	65
1062	1062	1	65
1063	1063	1	65
1064	1064	1	65
1065	1065	1	65
1066	1066	1	65
1067	1067	1	65
1068	1068	1	65
1069	1069	1	65
1070	1070	1	65
1071	1071	1	65
1072	1072	1	65
1073	1073	1	65
1074	1074	1	65
1075	1075	1	65
1076	1076	1	65
1077	1077	1	65
1078	1078	1	65
1079	1079	1	65
1080	1080	1	65
1081	1081	1	65
1082	1082	1	65
1083	1083	1	65
1084	1084	1	65
1085	1085	1	65
1086	1086	1	65
1087	1087	1	65
1088	1088	1	65
1089	1089	1	65
1090	1090	1	65
1091	1091	1	64
1092	1092	1	64
1093	1093	1	64
1094	1094	1	64
1095	1095	1	64
1096	1096	1	64
1097	1097	1	64
1098	1098	1	65
1099	1099	1	65
1100	1100	1	65
1101	1101	1	65
1102	1102	1	65
1103	1103	1	64
1104	1104	1	65
1105	1105	1	64
1106	1106	1	64
1107	1107	1	64
1108	1108	1	64
1109	1109	1	64
1110	1110	1	64
1111	1111	1	64
1112	1112	1	64
1113	1113	1	64
1114	1114	1	64
1115	1115	1	64
1116	1116	1	64
1117	1117	1	64
1118	1118	1	64
1119	1119	1	64
1120	1120	1	64
1121	1121	1	64
1122	1122	1	64
1123	1123	1	64
1124	1124	1	64
1125	1125	1	64
1126	1126	1	64
1127	1127	1	64
1128	1128	1	64
1129	1129	1	64
1130	1130	1	64
1131	1131	1	64
1132	1132	1	64
1133	1133	1	64
1134	1134	1	64
1135	1135	1	64
1136	1136	1	64
1137	1137	1	64
1138	1138	1	64
1139	1139	1	64
1140	1140	1	64
1141	1141	1	64
1142	1142	1	64
1143	1143	1	64
1144	1144	1	64
1145	1145	1	64
1146	1146	1	64
1147	1147	1	64
1148	1148	1	64
1149	1149	1	64
1150	1150	1	64
1151	1151	1	64
1152	1152	1	64
1153	1153	1	64
1154	1154	1	64
1155	1155	1	64
1156	1156	1	64
1157	1157	1	64
1158	1158	1	64
1159	1159	1	64
1160	1160	1	64
1161	1161	1	64
1162	1162	1	64
1163	1163	1	64
1164	1164	1	64
1165	1165	1	64
1166	1166	1	64
1167	1167	1	64
1168	1168	1	64
1169	1169	1	64
1170	1170	1	64
1171	1171	1	64
1172	1172	1	64
1173	1173	1	64
1174	1174	1	64
1175	1175	1	64
1176	1176	1	64
1177	1177	1	64
1178	1178	1	64
1179	1179	1	64
1180	1180	1	64
1181	1181	1	64
1182	1182	1	64
1183	1183	1	64
1184	1184	1	60
1185	1185	1	60
1186	1186	1	60
1187	1187	1	60
1188	1188	1	60
1189	1189	1	60
1190	1190	1	60
1191	1191	1	60
1192	1192	1	60
1193	1193	1	60
1194	1194	1	60
1195	1195	1	60
1196	1196	1	60
1197	1197	1	60
1198	1198	1	60
1199	1199	1	60
1200	1200	1	60
1201	1201	1	60
1202	1202	1	60
1203	1203	1	60
1204	1204	1	60
1205	1205	1	60
1206	1206	1	60
1207	1207	1	60
1208	1208	1	60
1209	1209	1	60
1210	1210	1	60
1211	1211	1	60
1212	1212	1	60
1213	1213	1	60
1214	1214	1	60
1215	1215	1	60
1216	1216	0	0
1217	1217	0	0
1218	1218	0	0
1219	1219	0	0
1220	1220	0	0
1221	1221	0	0
1222	1222	0	0
1223	1223	0	0
1224	1224	0	0
1225	1225	0	0
1226	1226	0	0
1227	1227	0	0
1228	1228	0	0
1229	1229	0	0
1230	1230	0	0
1231	1231	1	60
1232	1232	1	60
1233	1233	1	60
1234	1234	1	60
1235	1235	1	60
1236	1236	1	7
1237	1237	1	7
1238	1238	1	7
1239	1239	1	7
1240	1240	1	7
1241	1241	1	5
1242	1242	1	60
1243	1243	1	5
1244	1244	1	5
1245	1245	1	5
1246	1246	1	4
1247	1247	1	4
1248	1248	1	4
1249	1249	1	4
1250	1250	1	4
1251	1251	1	4
1252	1252	1	4
1253	1253	1	4
1254	1254	1	4
1255	1255	1	4
1256	1256	1	4
1257	1257	1	4
1258	1258	1	3
1259	1259	1	3
1260	1260	1	3
1261	1261	1	3
1262	1262	1	3
1263	1263	1	3
1264	1264	1	3
1265	1265	1	3
1266	1266	1	3
1267	1267	1	3
1268	1268	1	3
1269	1269	1	3
1270	1270	1	3
1271	1271	1	3
1272	1272	1	3
1273	1273	1	3
1274	1274	1	3
1275	1275	1	2
1276	1276	1	1
1277	1277	1	1
1278	1278	1	1
1279	1279	1	2
1280	1280	1	2
1281	1281	1	2
1282	1282	1	2
1283	1283	1	2
1284	1284	1	1
1285	1285	1	1
1286	1286	1	1
1287	1287	1	1
1288	1288	1	1
1289	1289	1	1
1290	1290	1	1
1291	1291	1	1
1292	1292	1	1
1293	1293	1	1
1294	1294	1	1
1295	1295	1	60
1296	1296	1	60
1297	1297	1	60
1298	1298	1	60
1299	1299	1	60
1300	1300	1	60
1301	1301	1	60
1302	1302	1	60
1303	1303	1	60
1304	1304	1	60
1305	1305	1	60
1306	1306	1	60
1307	1307	1	60
1308	1308	1	60
1309	1309	1	60
1310	1310	1	60
1311	1311	1	7
1312	1312	1	60
1313	1313	1	60
1314	1314	1	60
1315	1315	1	7
1316	1316	1	7
1317	1317	1	7
1318	1318	1	10
1319	1319	1	10
1320	1320	1	10
1321	1321	1	10
1322	1322	1	11
1323	1323	1	8
1324	1324	1	7
1325	1325	1	7
1326	1326	1	7
1327	1327	1	7
1328	1328	1	7
1329	1329	1	7
1330	1330	1	7
1331	1331	1	7
1332	1332	1	7
1333	1333	1	7
1334	1334	1	5
1335	1335	1	7
1336	1336	1	5
1337	1337	1	5
1338	1338	1	5
1339	1339	1	4
1340	1340	1	4
1341	1341	1	4
1342	1342	1	4
1343	1343	1	3
1344	1344	1	3
1345	1345	1	4
1346	1346	1	9
1347	1347	1	9
1348	1348	1	9
1349	1349	1	9
1350	1350	1	8
1351	1351	1	10
1352	1352	1	8
1353	1353	1	10
1354	1354	1	10
1355	1355	1	5
1356	1356	0	0
1357	1357	0	0
1358	1358	0	0
1359	1359	0	0
1360	1360	0	0
1361	1361	0	0
1362	1362	0	0
1363	1363	0	0
1364	1364	0	0
1365	1365	0	0
1366	1366	0	0
1367	1367	0	0
1368	1368	0	0
1369	1369	0	0
1370	1370	0	0
1371	1371	0	0
1372	1372	0	0
1373	1373	0	0
1374	1374	0	0
1375	1375	0	0
1376	1376	0	0
1377	1377	0	0
1378	1378	0	0
1379	1379	0	0
1380	1380	0	0
1381	1381	0	0
1382	1382	0	0
1383	1383	0	0
1384	1384	0	0
1385	1385	0	0
1386	1386	0	0
1387	1387	0	0
1388	1388	0	0
1389	1389	0	0
1390	1390	0	0
1391	1391	0	0
1392	1392	0	0
1393	1393	0	0
1394	1394	0	0
1395	1395	0	0
1396	1396	0	0
1397	1397	0	0
1398	1398	0	0
1399	1399	0	0
1400	1400	0	0
1401	1401	0	0
1402	1402	0	0
1403	1403	0	0
1404	1404	0	0
1405	1405	0	0
1406	1406	0	0
1407	1407	0	0
1408	1408	0	0
1409	1409	0	0
1410	1410	0	0
1411	1411	0	0
1412	1412	0	0
1413	1413	0	0
1414	1414	0	0
1415	1415	0	0
1416	1416	0	0
1417	1417	0	0
1418	1418	0	0
1419	1419	0	0
1420	1420	0	0
1421	1421	0	0
1422	1422	0	0
1423	1423	0	0
1424	1424	0	0
1425	1425	0	0
1426	1426	0	0
1427	1427	0	0
1428	1428	0	0
1429	1429	0	0
1430	1430	0	0
1431	1431	0	0
1432	1432	0	0
1433	1433	0	0
1434	1434	0	0
1435	1435	0	0
1436	1436	0	0
1437	1437	0	0
1438	1438	0	0
1439	1439	0	0
1440	1440	0	0
1441	1441	0	0
1442	1442	0	0
1443	1443	0	0
1444	1444	0	0
1445	1445	0	0
1446	1446	0	0
1447	1447	0	0
1448	1448	0	0
1449	1449	0	0
1450	1450	0	0
1451	1451	0	0
1452	1452	0	0
1453	1453	0	0
1454	1454	0	0
1455	1455	0	0
1456	1456	0	0
1457	1457	0	0
1458	1458	0	0
1459	1459	0	0
1460	1460	0	0
1461	1461	0	0
1462	1462	0	0
1463	1463	0	0
1464	1464	0	0
1465	1465	0	0
1466	1466	0	0
1467	1467	0	0
1468	1468	0	0
1469	1469	0	0
1470	1470	0	0
1471	1471	0	0
1472	1472	0	0
1473	1473	0	0
1474	1474	0	0
1475	1475	0	0
1476	1476	0	0
1477	1477	0	0
1478	1478	0	0
1479	1479	0	0
1480	1480	0	0
1481	1481	0	0
1482	1482	0	0
1483	1483	0	0
1484	1484	0	0
1485	1485	0	0
1486	1486	0	0
1487	1487	0	0
1488	1488	0	0
1489	1489	0	0
1490	1490	0	0
1491	1491	0	0
1492	1492	0	0
1493	1493	0	0
1494	1494	0	0
1495	1495	0	0
1496	1496	0	0
1497	1497	0	0
1498	1498	0	0
1499	1499	0	0
1500	1500	0	0
1501	1501	0	0
1502	1502	0	0
1503	1503	0	0
1504	1504	0	0
1505	1505	0	0
1506	1506	0	0
1507	1507	0	0
1508	1508	0	0
1509	1509	0	0
1510	1510	0	0
1511	1511	0	0
1512	1512	0	0
1513	1513	0	0
1514	1514	0	0
1515	1515	0	0
1516	1516	0	0
1517	1517	0	0
1518	1518	0	0
1519	1519	0	0
1520	1520	0	0
1521	1521	0	0
1522	1522	0	0
1523	1523	0	0
1524	1524	0	0
1525	1525	0	0
1526	1526	0	0
1527	1527	0	0
1528	1528	0	0
1529	1529	0	0
1530	1530	0	0
