fraction_with_jobs_outside hh515 hhcu5 hhexpfac hhftw hhhsc hhincome hhno hhoad hhparcel hhptw hhret hhsize hhtaz hhuni hhvehs hhwkrs hownrent hrestype samptype zone_id
0 0 0 4.161 0 0 -1 300038 0 761426 0 0 1 773 1 0 0 -1 -1 3 1690
0 0 0 12.69 0 0 -1 300281 0 1197790 0 0 1 64 1 1 0 -1 -1 2 1592
0 0 0 169.878 0 0 -1 300339 0 876549 0 0 1 352 1 2 0 -1 -1 3 1511
0 0 0 10.346 0 0 -1 300616 0 734609 0 0 1 911 1 2 0 -1 -1 3 1795
0 0 0 169.878 0 0 -1 300620 0 959090 0 0 1 365 1 0 0 -1 -1 3 1527
0 0 0 169.878 0 0 -1 300782 0 804264 0 0 1 905 1 1 0 -1 -1 3 1769
0 0 0 169.878 0 0 -1 300831 0 959090 0 0 1 365 1 1 0 -1 -1 3 1527
0 0 0 19.977 0 0 -1 300984 0 717267 0 0 1 286 1 0 0 -1 -1 1 1525
0 0 0 42.828 0 0 -1 301089 0 2099 0 0 1 406 1 0 0 -1 -1 1 1505
0 0 0 565.822 0 0 -1 301826 0 886916 0 0 1 1044 1 1 0 -1 -1 2 1676
0 0 0 4.11 0 0 -1 302047 0 877387 0 0 1 890 1 1 0 -1 -1 3 1736
0 0 0 4.11 0 0 -1 302095 0 1053636 0 0 1 917 1 1 0 -1 -1 3 1799
0 0 0 13.348 0 0 -1 302159 0 865757 0 0 1 514 1 1 0 -1 -1 2 1465
0 0 0 19.977 0 0 -1 302187 0 1235910 0 0 1 546 1 0 0 -1 -1 1 1451
0 0 0 4.443 0 0 -1 302214 0 675022 0 0 1 28 1 1 0 -1 -1 3 1549
0 0 0 4.11 0 0 -1 302269 0 848652 0 0 1 499 1 2 0 -1 -1 3 1470
0 0 0 14.43 0 0 -1 302649 0 860578 0 0 1 23 1 1 0 -1 -1 2 1549
0 0 0 12.24 0 0 -1 302851 0 899011 0 0 1 839 1 1 0 -1 -1 2 1754
0 0 0 4.11 0 0 -1 302886 0 858288 0 0 1 480 1 1 0 -1 -1 3 1504
0 0 0 12.247 0 0 -1 302950 0 717377 0 0 1 129 1 2 0 -1 -1 2 1610
0 0 0 3.675 0 0 -1 302956 0 1086535 0 0 1 123 1 1 0 -1 -1 3 1629
0 0 0 4.443 0 0 -1 303151 0 1177440 0 0 1 578 1 1 0 -1 -1 3 1468
0 0 0 12.589 0 0 -1 303395 0 958689 0 0 1 650 1 1 0 -1 -1 2 1425
0 0 0 3.675 0 0 -1 303418 0 1201490 0 0 1 744 1 1 0 -1 -1 3 1637
0 0 0 4.11 0 0 -1 303507 0 1178489 0 0 1 918 1 1 0 -1 -1 3 1794
0 0 0 3.675 0 0 -1 303533 0 688665 0 0 1 1139 1 1 0 -1 -1 3 1674
0 0 0 12.24 0 0 -1 303535 0 909225 0 0 1 1003 1 1 0 -1 -1 2 1657
0 0 0 4.11 0 0 -1 303545 0 733459 0 0 1 515 1 1 0 -1 -1 3 1465
0 0 0 12.24 0 0 -1 303635 0 2255 0 0 1 747 1 1 0 -1 -1 2 1663
0 0 0 12.077 0 0 -1 303668 0 1202610 0 0 1 435 1 1 0 -1 -1 2 1549
0 0 0 3.675 0 0 -1 303751 0 1176763 0 0 1 578 1 1 0 -1 -1 3 1456
0 0 0 4.443 0 0 -1 303782 0 1082909 0 0 1 598 1 0 0 -1 -1 3 1423
0 0 0 4.11 0 0 -1 303814 0 1201935 0 0 1 352 1 2 0 -1 -1 3 1511
0 0 0 12.077 0 0 -1 303819 0 1031435 0 0 1 41 1 1 0 -1 -1 2 1547
0 0 0 4.443 0 0 -1 303859 0 1034845 0 0 1 53 1 1 0 -1 -1 3 1544
0 0 0 3.675 0 0 -1 303949 0 766290 0 0 1 1094 1 0 0 -1 -1 3 1648
0 0 0 4.443 0 0 -1 304014 0 805864 0 0 1 53 1 0 0 -1 -1 3 1544
0 0 0 4.443 0 0 -1 304048 0 1072079 0 0 1 903 1 0 0 -1 -1 3 1762
0 0 0 4.11 0 0 -1 304109 0 886219 0 0 1 222 1 1 0 -1 -1 3 1567
0 0 0 13.506 0 0 -1 304125 0 693911 0 0 1 16 1 1 0 -1 -1 2 1543
0 0 0 4.443 0 0 -1 304138 0 853398 0 0 1 588 1 2 0 -1 -1 3 1466
0 0 0 12.24 0 0 -1 304172 0 682196 0 0 1 1149 1 1 0 -1 -1 2 1908
0 0 0 13.506 0 0 -1 304254 0 1191273 0 0 1 505 1 1 0 -1 -1 2 1467
0 1 0 459.3357 1 0 30000 14100211 1 1206643 0 0 3 266 0 2 1 1 1 0 1573
0 1 0 307.1527 1 0 -1 14100212 1 939375 0 0 3 255 0 1 1 5 8 0 1575
0 0 0 235.8108 1 0 175000 14100213 0 934365 1 0 2 400 0 3 2 1 1 0 1531
0 0 0 254.6753 0 0 -1 14100214 0 1252435 0 2 2 370 0 2 0 1 2 0 1563
0 0 0 168.4641 0 0 17500 14100216 1 879886 0 0 1 130 0 0 0 2 5 0 1612
0 0 0 121.9057 1 0 175000 14100217 0 742562 0 0 1 38 0 0 1 2 5 0 1550
0 2 0 120.8995 1 0 125000 14100238 1 984962 0 0 4 818 0 2 1 1 1 0 1719
0 0 0 144.6984 0 0 62500 14100239 1 879479 0 0 1 784 0 1 0 1 1 0 1696
0 0 0 220.6939 1 0 40000 14100247 0 955563 0 0 1 961 0 1 1 2 5 0 1622
0 0 0 205.5457 1 0 -1 14100248 0 1177256 1 0 2 510 0 1 2 1 4 0 1467
0 0 0 130.3226 0 0 30000 14100249 0 796815 0 1 1 513 0 1 0 1 5 0 1467
0 0 0 96.1472 1 0 40000 14100272 1 878466 0 0 2 861 0 1 1 1 1 0 1728
0 0 0 114.5724 1 0 175000 14100276 0 1125873 0 0 1 1037 0 1 1 2 2 0 1673
0 0 0 469.4584 0 0 40000 14100294 0 746736 0 2 2 916 0 1 0 1 1 0 1813
0 0 0 248.2759 1 0 125000 14100295 0 871448 1 0 2 912 0 3 2 1 1 0 1771
0 0 0 503.0059 2 0 62500 14100296 0 1048733 0 0 2 843 0 2 2 2 1 0 1725
0 0 0 204.8846 0 0 275000 14100297 0 1013079 0 3 3 824 0 2 0 1 1 0 1721
0 0 0 620.5776 0 0 175000 14100298 1 887168 1 0 2 771 0 3 1 1 1 0 1663
0 0 0 552.0743 0 0 62500 14100299 0 1047089 1 0 1 1013 0 1 1 1 2 0 1684
0 0 0 294.1416 2 0 275000 14100300 0 744729 0 0 2 715 0 2 2 1 1 0 1640
0 0 0 99.3424 2 0 125000 14100303 0 826442 0 0 2 595 0 3 2 1 1 0 1423
0 0 0 323.6363 0 0 -1 14100359 0 717220 0 2 2 440 0 1 0 2 3 0 1538
0 0 0 1406.1758 0 0 17500 14100371 1 935871 1 0 2 1158 0 2 1 1 1 0 1679
0 0 0 76.3359 0 1 62500 14100372 1 914159 0 0 2 1204 0 1 0 1 1 0 1906
0 0 0 101.9235 0 0 225000 14100387 0 1272805 1 1 2 91 0 2 1 1 1 0 1606
0 0 0 205.5556 1 0 62500 14100388 1 693911 0 0 2 16 0 2 1 1 5 0 1543
0 0 0 128.4014 0 0 62500 14100412 0 1034633 0 2 2 47 0 2 0 2 5 0 1543
0 0 0 129.9491 0 0 30000 14100413 0 886182 0 2 2 216 0 1 0 1 5 0 1566
0 0 0 382.6605 1 0 40000 14100414 0 717502 0 0 1 121 0 1 1 1 1 0 1628
0 0 0 240.4428 1 0 30000 14100435 0 988358 0 0 1 916 0 1 1 1 5 0 1811
0 2 0 1175.219 1 0 87500 14100472 0 819975 1 0 4 1178 0 2 2 1 1 0 1711
0 0 0 130.5455 2 0 87500 14100473 0 1126130 0 0 2 1169 0 1 2 1 1 0 1705
0 0 2 488.183 1 0 -1 14100494 1 1020038 0 0 4 544 0 2 1 1 1 0 1452
0 0 0 449.8968 1 0 40000 14100495 0 1236796 1 0 2 648 0 1 2 1 5 0 1427
0 2 0 488.183 0 0 175000 14100496 1 1197670 1 0 4 620 0 2 1 1 1 0 1601
0 1 0 443.5331 2 0 225000 14100498 0 1204943 0 0 3 1001 0 2 2 1 1 0 1659
0 0 0 540.3816 1 0 40000 14100499 0 744940 0 0 1 720 0 1 1 1 2 0 1642
0 1 0 364.0161 1 0 125000 14100500 1 1265681 0 0 3 819 0 2 1 1 1 0 1720
0 0 0 1161.3797 3 0 175000 14100501 0 840935 0 0 3 853 0 8 3 1 1 0 1752
0 0 0 242.2778 0 0 40000 14100544 0 1090810 0 2 2 102 0 2 0 1 1 0 1608
0 0 0 74.3217 0 0 175000 14100545 0 846263 0 1 1 525 0 1 0 1 1 0 1474
0 0 0 114.0657 1 0 125000 14100546 0 845984 0 0 1 129 0 1 1 1 5 0 1610
0 1 0 87.9501 0 0 40000 14100549 1 875923 0 0 2 741 0 1 0 2 5 0 1665
0 0 0 210.9064 1 0 40000 14100550 0 944292 0 0 1 797 0 1 1 2 5 0 1698
0 0 1 277.5422 1 0 87500 14100551 1 688673 0 0 3 1007 0 2 1 2 2 0 1671
0 0 0 143.6928 1 0 87500 14100552 0 984754 0 0 1 815 0 1 1 2 5 0 1719
0 0 0 96.6293 1 0 -1 14100553 1 677245 0 0 2 809 0 2 1 1 1 0 1717
0 0 2 171.876 1 0 87500 14100574 1 792163 0 0 4 217 0 1 1 2 5 0 1567
0 2 0 225.9717 1 0 -1 14100575 0 717505 0 0 3 382 0 3 1 1 1 0 1509
0 1 1 199.9952 1 0 175000 14100576 0 1176484 1 0 4 576 0 2 2 1 1 0 1468
0 2 1 312.7327 2 0 5000 14100577 0 787854 0 0 5 497 0 1 2 1 2 0 1469
0 2 0 409.1384 2 0 275000 14100578 0 902810 0 0 4 649 0 3 2 1 1 0 1423
0 1 1 230.2899 1 0 125000 14100579 1 749490 0 0 4 988 0 2 1 1 5 0 1645
0 0 2 146.3455 1 0 30000 14100593 1 680011 0 0 4 916 0 1 1 2 5 0 1808
0 0 0 126.6505 1 0 125000 14100644 0 1183633 1 0 2 990 0 2 2 1 1 0 1657
0 0 0 216.0636 1 0 87500 14100645 0 717748 1 0 2 252 0 1 2 2 1 0 1576
0 0 0 177.3819 1 0 87500 14100646 0 706396 0 0 1 383 0 1 1 1 2 0 1511
0 0 0 103.4239 0 0 87500 14100647 0 1018087 1 0 1 637 0 1 1 1 1 0 1449
0 0 0 164.9512 0 0 62500 14100648 0 1177290 0 1 1 576 0 1 0 1 1 0 1468
0 0 0 184.7808 0 0 40000 14100649 0 840337 0 1 1 600 0 1 0 1 2 0 1458
0 0 0 122.8119 0 0 125000 14100650 1 697332 1 0 2 381 0 2 1 1 1 0 1528
0 1 0 99.0944 1 0 -1 14100651 1 851004 0 0 3 130 0 1 1 2 5 0 1610
0 0 1 214.8305 1 0 40000 14100652 1 851204 0 0 3 130 0 1 1 2 5 0 1610
0 0 0 200.8923 1 0 40000 14100668 0 813996 0 0 1 818 0 1 1 1 1 0 1719
0 2 0 1112.3691 0 0 5000 14100699 1 734556 0 0 4 1197 1 0 1 2 5 0 1780
0 0 0 104.3892 2 0 175000 14100700 0 886916 0 0 2 1044 0 2 2 2 5 0 1673
0 0 1 557.6325 2 0 125000 14100720 0 679985 0 0 3 916 0 2 2 1 1 0 1806
0 0 0 218.7158 2 0 125000 14100721 0 877209 0 0 2 890 0 2 2 1 1 0 1734
0 0 0 436.9504 1 0 40000 14100723 0 828767 0 0 1 831 0 1 1 2 3 0 1722
0 0 1 780.8778 1 0 275000 14100724 1 789038 0 0 3 908 0 2 1 1 1 0 1746
0 1 1 219.6613 2 0 175000 14100725 0 984799 0 0 4 812 0 1 2 1 1 0 1718
0 0 0 292.7496 0 0 40000 14100745 0 3437 0 2 2 1199 0 2 0 1 1 0 1790
0 0 0 182.9929 2 0 225000 14100746 0 778571 0 0 2 1214 0 2 2 1 1 0 1922
0 0 0 140.7337 1 0 175000 14100747 1 1127179 0 0 2 1213 0 2 1 1 1 0 1912
0 0 0 316.2946 1 0 62500 14100784 1 749814 0 0 2 916 0 3 1 2 1 0 1811
0 0 1 532.8244 2 0 225000 14100785 0 841267 0 0 3 894 0 2 2 1 1 0 1747
0 1 0 184.7686 0 0 17500 14100805 1 1233759 0 0 2 936 0 1 0 2 5 0 1611
0 0 0 79.5627 1 0 -1 14100806 1 1101403 0 0 2 44 0 1 1 1 5 0 1551
0 0 0 108.9343 2 0 -1 14100808 0 1096660 0 0 2 32 0 1 2 2 5 0 1546
0 0 0 67.7194 1 0 -1 14100809 0 1096660 0 0 1 32 0 1 1 2 5 0 1546
0 0 0 582.3909 1 0 -1 14100900 1 788407 0 0 2 1212 0 3 1 1 1 0 1924
0 0 0 358.9855 1 0 125000 14100904 0 766290 0 0 1 1094 0 1 1 2 5 0 1648
0 0 1 1015.3583 2 0 225000 14100905 0 1093972 0 0 3 1196 0 2 2 1 1 0 1744
0 0 0 554.8357 1 0 30000 14100906 1 741656 0 0 2 1199 0 1 1 2 1 0 1782
0 0 0 278.8429 2 0 62500 14100907 0 1126520 0 0 2 1142 0 1 2 2 5 0 1678
0 1 0 453.8196 2 1 275000 14100917 0 1020237 0 0 4 538 0 3 2 1 1 0 1450
0 0 0 339.7123 0 0 17500 14100919 0 785636 1 0 1 914 0 1 1 1 1 0 1760
0 0 0 218.7158 2 0 125000 14100920 0 969322 0 0 2 852 0 2 2 1 1 0 1752
0 0 0 255.5745 1 0 87500 14100921 0 1017287 0 0 1 708 0 1 1 1 1 0 1638
0 0 0 148.1772 0 0 87500 14100922 0 761675 0 2 2 790 0 2 0 1 1 0 1692
0 0 0 675.1243 1 0 62500 14100923 0 1103682 0 0 1 769 0 1 1 2 5 0 1666
0 0 0 489.5959 2 0 62500 14100940 0 1234373 0 0 2 911 0 2 2 2 5 0 1780
0 1 0 580.9842 0 0 17500 14100968 1 846491 0 0 2 525 0 1 0 1 1 0 1474
0 0 0 130.3226 0 0 30000 14100969 0 796815 0 1 1 513 0 1 0 1 5 0 1467
0 0 0 126.5715 2 0 275000 14100970 0 718156 0 0 2 94 0 2 2 1 1 0 1607
0 0 0 1569.102 6 0 225000 14100971 0 1010506 1 0 7 281 0 7 7 2 1 0 1565
0 0 0 109.3501 1 0 175000 14100973 0 1142509 0 0 2 1064 1 2 2 2 5 0 1656
0 0 0 187.8135 0 0 125000 14101007 0 1176882 0 2 2 589 0 2 0 1 1 0 1466
0 0 0 124.7615 1 0 -1 14101008 1 1267789 0 0 3 391 1 3 2 1 1 0 1505
0 0 0 257.3216 0 0 40000 14101009 0 1008711 0 2 2 292 0 1 0 1 1 0 1523
0 1 0 177.6709 2 0 125000 14101010 0 1240581 0 0 3 262 0 2 2 1 1 0 1574
0 0 1 185.326 2 0 -1 14101011 0 789401 0 0 3 115 0 2 2 5 1 0 1630
0 1 0 262.7907 1 1 175000 14101093 0 900612 1 0 4 112 0 3 2 1 1 0 1609
0 0 0 1325.1896 3 0 125000 14101094 0 1010082 0 0 3 293 0 2 3 1 1 0 1523
0 1 1 259.9917 1 0 -1 14101095 0 1267306 1 0 4 402 0 2 2 1 1 0 1507
0 0 0 128.1033 0 0 275000 14101096 0 1259248 0 0 2 125 2 2 1 1 1 0 1610
0 1 1 96.827 2 0 125000 14101097 0 1170794 0 0 4 382 0 2 2 1 1 0 1509
0 0 0 205.5457 1 0 40000 14101098 0 890744 0 0 2 203 1 1 2 2 5 0 1562
0 0 0 147.5966 1 0 175000 14101128 1 984754 0 0 2 815 0 2 1 2 5 0 1719
0 0 0 146.7675 1 0 175000 14101129 0 929387 0 0 1 807 0 1 1 1 1 0 1695
0 2 0 95.4085 0 0 175000 14101130 1 859894 0 0 3 792 0 2 0 1 1 0 1694
0 0 0 380.9817 0 0 30000 14101170 1 1202557 0 0 1 855 0 1 0 1 1 0 1751
0 0 0 359.7019 1 0 225000 14101171 0 2277 1 0 2 773 0 2 2 2 1 0 1690
0 0 0 556.6887 2 0 87500 14101172 0 1108683 0 0 2 782 0 3 2 1 1 0 1699
0 0 0 437.5217 0 0 225000 14101173 1 985735 0 1 2 819 0 3 0 1 1 0 1720
0 0 0 140.7337 1 0 175000 14101174 1 789023 0 0 2 908 0 2 1 1 1 0 1746
0 0 0 284.8581 0 0 62500 14101175 0 1034827 0 1 1 52 0 1 0 1 1 0 1591
0 2 0 481.9442 1 0 175000 14101182 1 877954 0 0 4 1177 0 3 1 1 1 0 1711
0 2 0 485.8131 1 0 175000 14101184 0 1127317 1 0 4 1213 0 2 2 1 1 0 1912
0 0 0 214.8582 2 0 125000 14101218 0 734995 0 0 2 894 0 2 2 1 1 0 1747
0 1 2 1569.8921 1 0 175000 14101219 0 864617 1 0 5 835 0 2 2 1 1 0 1724
0 0 0 461.1784 0 0 40000 14101220 0 989009 0 2 2 916 0 1 0 1 1 0 1813
0 0 0 376.4099 2 0 275000 14101221 0 717208 0 0 2 440 0 2 2 1 2 0 1538
0 0 0 42.3013 0 0 125000 14101240 0 1067080 0 1 1 44 0 1 0 2 5 0 1551
0 0 0 123.8616 1 0 30000 14101241 0 913300 0 0 1 3 0 1 1 2 5 0 1551
0 0 0 85.4824 0 0 175000 14101242 1 1272802 0 1 2 91 0 2 0 1 1 0 1606
0 0 0 79.8791 0 0 87500 14101243 1 1096660 0 1 2 32 0 1 0 1 5 0 1547
0 0 0 89.067 2 0 125000 14101254 0 1096660 0 0 2 32 0 2 2 2 5 0 1546
0 0 0 118.6394 1 0 175000 14101261 1 879886 0 0 2 130 0 1 1 2 5 0 1610
0 0 0 101.9641 1 1 275000 14101262 0 788288 1 0 3 124 0 3 2 1 1 0 1629
0 0 0 107.7449 0 0 40000 14101263 0 913314 0 2 2 44 0 1 0 2 5 0 1551
0 0 0 208.2813 0 0 -1 14101264 1 909899 0 0 1 29 0 0 0 2 5 0 1549
0 0 0 106.2145 1 0 -1 14101265 1 1096660 0 0 2 32 0 2 1 1 5 0 1547
0 0 0 135.1942 0 0 125000 14101283 0 1268531 0 2 2 690 0 2 0 1 1 0 1632
0 0 0 503.0059 2 0 62500 14101288 0 984472 0 0 2 849 0 2 2 2 5 0 1727
0 0 0 180.5764 1 0 87500 14101289 0 926467 1 0 2 917 0 1 2 2 5 0 1803
0 1 0 947.0712 2 0 -1 14101315 0 1203368 0 0 3 1213 0 2 2 1 1 0 1914
0 0 0 267.2377 1 0 -1 14101317 2 1126731 0 0 3 1152 0 2 1 1 1 0 1680
0 0 0 714.9789 3 0 225000 14101332 1 826611 1 0 5 596 0 4 4 1 1 0 1423
0 0 0 164.1429 1 0 87500 14101337 0 1035354 0 0 1 916 0 1 1 1 1 0 1816
0 0 0 235.2735 0 0 5000 14101387 1 796815 0 0 1 513 0 0 0 2 5 0 1467
0 0 0 117.5029 1 0 87500 14101391 0 761896 0 0 1 751 0 1 1 2 5 0 1665
0 0 0 36.4469 2 0 125000 14101392 0 908901 0 0 2 858 0 1 2 1 1 0 1731
0 0 0 55.1208 2 0 125000 14101394 0 721362 0 0 2 1118 0 1 2 2 5 0 1929
0 0 0 212.714 2 0 125000 14101409 0 1153460 0 0 2 336 0 2 2 1 5 0 1517
0 1 2 246.8045 1 0 125000 14101410 1 1009217 0 0 5 290 0 1 1 1 1 0 1523
0 0 0 179.4622 2 0 275000 14101411 0 1201987 0 0 2 350 0 2 2 1 2 0 1510
0 1 0 112.401 1 0 87500 14101412 2 816375 0 0 4 984 0 1 1 2 1 0 1646
0 0 0 257.3216 0 0 40000 14101413 0 717557 0 2 2 253 0 1 0 1 1 0 1576
0 0 0 136.4487 1 0 225000 14101414 0 1176953 0 0 1 576 0 1 1 1 1 0 1468
0 1 0 479.7253 0 1 17500 14101415 1 840340 0 0 3 599 0 0 0 2 2 0 1458
0 0 0 239.2617 1 0 40000 14101416 0 1202771 0 0 1 435 0 1 1 1 1 0 1535
0 0 0 92.0069 2 0 125000 14101417 0 1063574 0 1 3 489 0 3 2 1 1 0 1462
0 0 0 279.5031 2 0 125000 14101490 0 1083070 0 0 2 603 0 4 2 1 1 0 1458
0 0 0 177.0304 2 0 125000 14101491 0 949472 0 0 2 656 0 2 2 1 2 0 1417
0 0 0 205.9266 0 0 62500 14101492 0 706519 0 2 2 657 0 2 0 1 2 0 1416
0 0 0 243.4185 0 0 -1 14101493 0 1206472 1 1 2 266 0 2 1 1 1 0 1573
0 0 0 130.0501 0 0 125000 14101494 2 825663 0 0 3 405 1 3 1 1 1 0 1505
0 0 0 110.7515 1 0 87500 14101495 0 850992 0 0 1 130 0 1 1 2 5 0 1610
0 0 0 129.9491 0 0 40000 14101496 0 971411 0 2 2 391 0 1 0 1 2 0 1509
0 0 0 95.959 1 0 225000 14101499 1 1077194 0 0 2 10 0 1 1 2 5 0 1545
0 0 0 96.6293 0 0 87500 14101511 1 985531 1 0 2 784 0 2 1 1 1 0 1696
0 1 1 135.2267 2 0 125000 14101520 0 717297 0 0 4 199 0 2 2 1 1 0 1562
0 0 0 123.3602 1 0 87500 14101547 0 903798 0 0 1 881 0 1 1 2 5 0 1732
0 0 0 317.6699 0 0 125000 14101574 0 1004932 0 2 2 916 0 2 0 1 1 0 1816
0 1 1 541.9792 1 1 125000 14101575 1 1272155 0 0 5 916 0 1 1 1 1 0 1809
0 0 0 413.7432 0 0 175000 14101576 0 1082386 2 0 2 597 0 1 2 1 1 0 1423
0 0 0 247.8928 0 0 40000 14101577 0 805973 0 1 1 640 0 1 0 1 5 0 1432
0 0 0 438.0627 1 0 275000 14101580 1 1235648 0 0 2 54 0 2 1 1 1 0 1591
0 0 0 529.5467 1 0 125000 14101581 0 1260668 0 0 1 856 0 2 1 1 1 0 1750
0 0 1 595.2435 1 0 87500 14101582 1 1072300 0 0 3 902 0 2 1 2 2 0 1753
0 0 0 425.8077 2 0 30000 14101583 0 1169897 1 0 3 769 0 0 3 2 5 0 1666
0 0 0 130.5455 2 0 87500 14101584 0 1015248 0 0 2 748 0 1 2 1 5 0 1663
0 1 1 325.2084 1 0 125000 14101595 1 1086693 0 0 4 1151 0 2 1 1 1 0 1680
0 0 0 517.0317 2 0 125000 14101596 0 935978 0 0 2 1159 0 3 2 1 1 0 1679
0 0 0 265.126 0 0 87500 14101597 0 1216989 0 2 2 1202 0 2 0 1 1 0 1899
0 2 0 201.7935 1 0 125000 14101598 0 925207 0 0 3 1175 0 1 1 2 5 0 1709
0 0 0 182.9929 2 0 225000 14101601 0 804181 0 0 2 1215 0 2 2 1 1 0 1920
0 0 0 661.9024 1 0 17500 14101602 1 728692 0 0 2 1201 0 2 1 1 1 0 1884
0 0 0 556.9672 0 0 17500 14101637 0 728800 1 0 1 1200 0 1 1 1 1 0 1886
0 0 0 91.8275 1 0 87500 14101668 0 1273092 0 0 1 87 0 1 1 1 5 0 1605
0 0 0 269.7846 0 0 -1 14101669 1 780583 0 0 1 960 0 1 0 5 1 0 1623
0 0 0 575.608 0 0 -1 14101689 0 1272950 1 1 2 619 0 3 1 1 5 0 1599
0 0 0 57.3606 0 0 87500 14101690 0 883325 0 1 1 16 0 1 0 2 5 0 1538
0 0 0 54.7734 1 0 125000 14101692 0 883884 0 0 1 239 0 1 1 1 2 0 1569
0 0 0 204.2987 1 0 17500 14101693 0 886195 0 0 1 246 0 1 1 2 5 0 1569
0 0 0 81.6751 1 0 125000 14101694 0 909899 0 0 1 29 0 1 1 2 5 0 1549
0 0 0 128.4014 0 0 62500 14101695 0 1104785 0 2 2 53 0 2 0 1 5 0 1543
0 0 0 132.4995 1 0 87500 14101696 0 1207630 0 1 2 441 0 2 1 1 5 0 1539
0 0 1 242.4181 1 0 125000 14101711 1 1062020 0 0 3 1029 0 1 1 2 5 0 1676
0 1 0 408.7157 1 0 87500 14101717 0 777725 1 0 3 55 0 2 2 1 1 0 1590
0 0 0 964.0957 1 0 62500 14101763 0 1264747 0 0 1 1199 0 1 1 1 5 0 1782
0 1 1 484.5665 1 0 175000 14101764 0 845721 1 0 4 1159 0 2 2 1 1 0 1679
0 0 0 262.5179 0 0 175000 14101775 0 1234445 1 1 2 711 0 2 1 1 1 0 1639
0 1 2 460.2118 1 0 125000 14101776 1 1187698 0 0 5 81 0 2 1 1 1 0 1588
0 0 2 325.2084 1 0 125000 14101779 1 877146 0 0 4 890 0 2 1 1 1 0 1734
0 0 0 254.2219 1 0 -1 14101780 0 1004930 0 0 1 916 0 1 1 5 1 0 1816
0 0 0 52.2308 1 0 175000 14101804 1 1227124 0 0 2 1048 0 1 1 2 2 0 1673
0 0 0 115.2196 1 0 125000 14101805 0 749500 0 0 2 1060 1 2 1 2 5 0 1655
0 1 1 82.8094 1 0 125000 14101816 0 816145 0 0 4 904 1 2 1 1 1 0 1766
0 0 0 297.4671 0 0 -1 14101817 0 728538 0 1 1 912 0 1 0 4 5 0 1768
0 1 0 171.7473 2 0 175000 14101851 0 942125 0 0 3 278 0 4 2 1 1 0 1570
0 0 0 116.3371 0 0 62500 14101853 0 796947 0 1 1 508 0 1 0 1 1 0 1467
0 2 0 156.9054 0 0 40000 14101862 2 984919 0 0 4 792 0 2 0 1 1 0 1694
0 0 0 101.9351 1 0 125000 14101863 0 835066 0 0 1 858 0 0 1 2 5 0 1731
0 1 0 181.9951 1 0 175000 14101864 1 1165877 0 0 3 809 0 2 1 1 1 0 1717
0 0 0 84.7688 1 0 62500 14101865 0 1153657 1 0 2 1062 0 1 2 2 5 0 1652
0 1 1 147.8464 1 0 125000 14101866 1 815574 0 0 4 1119 0 2 1 2 5 0 1929
0 0 0 245.6685 1 0 37500 14101867 0 721381 0 0 1 1118 0 1 1 2 5 0 1929
0 0 1 106.938 1 0 225000 14101880 2 883883 0 0 4 43 0 1 1 1 5 0 1548
0 0 0 213.7607 1 0 -1 14101881 0 789510 0 0 1 30 0 0 1 2 5 0 1546
0 0 0 145.5579 0 0 17500 14101884 1 890744 0 0 1 203 0 1 0 2 5 0 1562
0 1 1 99.1469 1 0 62500 14101885 1 777856 0 0 4 979 0 1 1 2 5 0 1624
0 3 0 361.3638 1 0 87500 14101886 1 1183946 0 0 5 330 0 2 1 1 1 0 1518
0 0 0 289.6693 1 0 17500 14101887 0 1034245 0 0 1 300 0 1 1 2 1 0 1519
0 0 0 130.8125 1 0 125000 14101888 0 1008296 0 0 1 303 0 1 1 1 1 0 1522
0 0 0 182.2466 0 0 62500 14101889 0 1000214 0 1 1 968 0 1 0 1 1 0 1621
0 0 0 265.2499 1 0 -1 14101890 1 948434 0 0 2 655 0 3 1 1 1 0 1418
0 0 0 116.1605 1 0 62500 14101891 0 746984 0 2 3 590 0 1 1 1 1 0 1466
0 0 1 185.326 1 0 225000 14101892 0 1252498 1 0 3 554 0 2 2 1 1 0 1472
0 1 0 262.7907 2 1 175000 14102008 0 1153270 0 0 4 331 0 4 2 1 1 0 1521
0 0 2 132.7676 0 0 125000 14102009 2 1154118 0 0 4 963 0 2 0 2 1 0 1620
0 0 0 179.4622 2 0 175000 14102010 0 688199 0 0 2 325 0 2 2 1 1 0 1519
0 0 0 150.0234 2 0 125000 14102011 0 1155528 0 0 2 391 0 2 2 4 1 0 1505
0 0 1 49.4845 0 0 87500 14102016 1 1197865 0 0 2 983 0 1 0 2 5 0 1626
0 0 1 91.7394 1 0 125000 14102028 1 815574 0 0 3 1119 0 1 1 2 5 0 1929
0 0 0 152.9148 2 0 62500 14102030 0 984995 0 0 2 818 0 2 2 1 1 0 1719
0 0 0 250.9842 1 0 62500 14102031 0 997425 0 0 1 753 0 1 1 2 5 0 1667
0 0 1 127.2814 1 0 87500 14102041 0 1070094 1 0 3 517 0 1 2 2 5 0 1464
0 1 1 135.2267 2 0 125000 14102042 0 1170769 0 0 4 382 0 2 2 1 1 0 1509
0 0 0 208.6311 0 0 30000 14102046 0 845984 1 0 1 129 0 1 1 1 5 0 1610
0 0 0 126.7117 1 0 175000 14102069 1 749500 0 0 2 1060 0 2 1 2 5 0 1655
0 0 0 297.3971 1 0 175000 14102088 0 1019874 1 0 2 547 0 2 2 1 1 0 1451
0 1 1 484.5665 2 0 175000 14102092 0 940459 0 0 4 711 0 2 2 1 1 0 1639
0 1 0 196.2708 1 0 87500 14102093 0 1215275 0 0 2 798 0 1 1 1 1 0 1700
0 0 0 140.4373 0 0 40000 14102094 0 864615 0 2 2 830 0 1 0 1 1 0 1722
0 0 0 972.3529 2 0 62500 14102095 0 1202441 0 0 2 855 0 3 2 1 1 0 1750
0 1 1 294.6394 2 0 125000 14102105 0 935944 0 0 4 1158 0 2 2 1 1 0 1679
0 0 0 222.0322 2 0 125000 14102106 0 799812 0 0 2 1203 0 2 2 1 1 0 1900
0 0 0 222.0322 2 0 125000 14102107 0 1199821 0 0 2 1181 0 2 2 1 1 0 1713
0 0 1 443.5331 2 0 175000 14102108 0 1227975 0 0 3 1026 0 2 2 2 1 0 1704
0 0 0 380.5595 0 0 30000 14102112 0 1215796 0 1 1 1213 0 1 0 2 3 0 1913
0 0 0 643.7614 0 0 62500 14102155 0 1264024 0 2 2 1199 0 1 0 2 5 0 1793
0 0 0 137.5621 1 0 30000 14102167 0 719138 0 0 1 4 0 0 1 2 5 0 1551
0 0 0 58.9078 0 0 -1 14102168 1 688231 0 1 2 314 0 1 0 1 1 0 1524
0 0 0 122.3822 1 0 40000 14102169 0 1233759 0 0 1 936 0 0 1 2 5 0 1611
0 0 0 31.6398 0 0 125000 14102170 2 1120839 2 0 4 132 0 2 2 1 5 0 1629
0 0 0 281.353 1 0 125000 14102212 0 914159 1 0 2 1204 0 3 2 1 1 0 1906
0 0 0 219.2543 2 0 40000 14102220 0 1183429 0 0 2 851 0 1 2 1 1 0 1727
0 0 1 455.9024 1 0 62500 14102221 1 1024732 0 0 3 733 0 1 1 2 5 0 1662
0 0 0 110.7198 0 0 125000 14102258 2 741888 0 0 2 1201 0 2 0 1 1 0 1891
0 0 0 293.5558 1 0 125000 14102259 0 859286 0 0 1 1092 0 1 1 1 2 0 1648
0 0 0 380.9817 0 0 30000 14102260 1 925291 0 0 1 1174 0 1 0 2 5 0 1709
0 3 0 924.6898 0 0 175000 14102261 2 935940 0 0 5 1158 0 2 0 1 1 0 1679
0 0 0 314.726 0 0 62500 14102272 0 940933 0 0 1 828 1 1 0 1 1 0 1722
0 0 0 100.183 1 0 30000 14102273 0 1034660 0 0 1 48 0 1 1 2 5 0 1542
0 2 0 66.714 0 0 175000 14102291 2 688663 0 0 4 1032 0 1 0 2 5 0 1674
0 0 0 120.1212 1 0 -1 14102294 1 886916 0 0 2 1044 0 1 1 2 5 0 1673
0 0 0 142.4146 1 0 62500 14102329 0 717140 1 0 2 285 0 1 2 1 5 0 1566
0 0 0 178.9065 1 0 225000 14102332 1 1071137 0 0 2 502 0 2 1 1 1 0 1467
0 0 0 136.4747 0 0 62500 14102337 0 903911 1 1 2 801 0 2 1 1 5 0 1714
0 0 0 104.9787 1 0 125000 14102361 0 777856 0 0 1 979 0 1 1 2 5 0 1624
0 0 0 133.3558 1 0 62500 14102362 0 789526 0 0 1 5 0 1 1 2 5 0 1548
0 1 1 100.1453 2 0 125000 14102363 0 1240830 0 0 4 637 0 3 2 1 1 0 1449
0 1 1 199.9952 1 0 225000 14102364 0 1226837 0 0 4 358 1 2 2 1 1 0 1512
0 0 0 243.1885 1 0 125000 14102365 1 882326 0 0 2 579 0 2 1 1 1 0 1456
0 1 0 185.326 2 0 -1 14102366 0 842831 0 0 3 558 0 2 2 1 1 0 1453
0 0 0 173.4557 0 0 125000 14102367 0 1081520 0 2 2 616 0 2 0 1 1 0 1423
0 0 0 184.7808 0 0 30000 14102368 0 1233896 0 1 1 367 0 1 0 1 5 0 1527
0 0 0 258.7958 1 0 17500 14102369 0 850992 0 0 1 130 0 0 1 2 5 0 1610
0 0 0 90.8972 2 0 125000 14102383 0 679951 0 0 2 916 0 3 2 1 1 0 1808
0 0 0 315.0588 0 0 17500 14102463 0 679911 0 1 1 916 0 1 0 5 6 0 1810
0 0 0 536.8852 0 0 5000 14102473 1 1082930 0 0 1 598 0 1 0 1 1 0 1423
0 0 0 342.5374 0 0 87500 14102474 0 1096350 0 2 2 651 0 2 0 1 1 0 1424
0 0 0 176.348 1 0 87500 14102475 2 880050 0 0 3 582 0 3 1 5 1 0 1455
0 2 0 191.7341 2 0 -1 14102476 0 1205683 0 0 4 574 0 2 2 1 1 0 1472
0 0 0 164.9512 0 0 62500 14102477 0 1054736 0 1 1 389 0 1 0 2 2 0 1505
0 0 0 331.5516 1 0 87500 14102478 1 815160 0 0 2 637 0 2 1 1 5 0 1449
0 1 0 542.4142 2 1 275000 14102479 0 1183763 0 0 4 990 0 3 2 1 1 0 1644
0 0 0 126.6505 2 0 175000 14102480 0 1206131 0 0 2 978 0 2 2 1 1 0 1624
0 0 0 109.1323 1 0 125000 14102499 0 1263069 0 0 1 1119 0 1 1 1 4 0 1929
0 1 0 130.9662 0 0 40000 14102531 0 1213957 1 0 2 891 0 1 1 2 5 0 1732
0 0 0 118.3958 1 0 40000 14102533 0 1143004 0 0 2 912 1 2 2 2 5 0 1771
0 0 0 258.1611 1 0 17500 14102552 0 734556 0 0 1 1197 0 1 1 2 5 0 1780
0 0 0 679.3548 1 0 -1 14102557 0 1169305 0 0 1 1054 0 1 1 2 2 0 1651
0 0 0 324.659 1 0 -1 14102576 1 1012948 0 0 2 828 0 2 1 1 1 0 1722
0 0 0 235.4916 2 0 87500 14102577 0 759001 0 0 2 756 0 2 2 2 2 0 1668
0 0 0 386.5202 1 0 87500 14102590 0 766290 0 0 1 1094 0 1 1 2 5 0 1648
0 0 0 106.2145 1 0 275000 14102659 1 717395 0 0 2 20 0 2 1 1 5 0 1546
0 0 0 156.7628 0 0 30000 14102670 0 2129 2 0 2 14 0 2 2 2 5 0 1543
0 0 0 69.0679 0 0 62500 14102671 0 1034634 0 1 1 47 0 1 0 2 5 0 1543
0 0 0 94.3045 1 0 -1 14102672 1 1086534 0 0 2 124 0 1 1 2 5 0 1629
0 0 1 110.035 2 0 175000 14102673 1 1009918 0 0 4 287 0 3 2 1 1 0 1525
0 0 0 100.183 0 0 30000 14102674 0 834194 1 0 1 92 0 1 1 2 5 0 1606
0 0 0 539.4488 0 0 40000 14102695 0 923086 0 1 1 916 0 1 0 1 5 0 1757
0 0 0 310.4973 1 0 87500 14102696 0 854189 0 0 1 851 0 1 1 1 1 0 1727
0 0 0 140.4373 0 0 30000 14102734 0 698442 0 2 2 1145 0 1 0 1 6 0 1908
0 0 0 220.264 1 0 125000 14102736 1 1127708 0 0 2 1213 0 3 1 1 1 0 1912
0 0 0 178.8533 0 0 175000 14102745 2 1083129 2 0 4 485 0 5 2 1 1 0 1461
0 0 0 271.3016 0 0 62500 14102746 0 2056 0 1 1 600 0 1 0 1 1 0 1458
0 0 0 157.7639 1 0 125000 14102747 0 1205357 0 1 2 640 0 3 1 1 1 0 1432
0 0 0 306.9588 1 0 87500 14102750 0 1007415 3 0 4 916 0 4 4 1 1 0 1814
0 0 0 257.9146 1 0 40000 14102772 0 920019 0 0 1 849 0 1 1 2 2 0 1728
0 0 0 293.0313 0 0 62500 14102774 0 734556 0 1 1 1197 0 1 0 2 5 0 1780
0 0 0 387.2859 0 0 17500 14102798 0 692933 0 1 1 883 0 1 0 1 4 0 1732
0 0 0 225.4692 1 0 62500 14102813 0 1246112 0 0 1 974 0 1 1 2 5 0 1620
0 0 0 148.4103 1 0 62500 14102815 0 1255336 1 0 2 418 0 1 2 2 3 0 1532
0 2 0 138.3932 1 0 175000 14102816 0 718751 0 0 3 412 0 1 1 1 1 0 1559
0 0 0 204.2987 1 0 17500 14102817 0 1233453 0 0 1 426 0 1 1 2 5 0 1558
0 0 0 89.5791 1 0 87500 14102839 0 1235628 0 0 1 54 0 1 1 2 5 0 1545
0 0 0 96.9064 0 0 125000 14102841 0 852791 0 1 1 962 0 1 0 1 1 0 1620
0 0 0 101.0259 0 0 125000 14102842 0 1177135 0 1 1 580 0 1 0 1 1 0 1456
0 0 0 239.9425 1 0 -1 14102843 0 1017764 0 0 1 653 0 1 1 5 1 0 1421
0 1 0 122.2745 1 0 125000 14102844 0 1017704 1 0 3 653 0 4 2 1 1 0 1421
0 0 0 143.5459 0 0 30000 14102845 0 948359 0 1 1 614 0 1 0 1 2 0 1419
0 0 1 66.9108 2 0 -1 14102932 0 1017736 0 0 3 654 0 2 2 1 1 0 1422
0 0 0 164.9512 0 0 -1 14102933 0 1233869 0 1 1 367 0 1 0 1 2 0 1527
0 0 0 262.8964 1 0 62500 14102934 1 787663 0 0 2 964 0 2 1 1 1 0 1619
0 2 0 188.3166 1 0 125000 14102935 1 780586 0 0 4 960 0 2 1 1 1 0 1623
0 0 1 232.5813 1 0 125000 14102936 1 717707 0 0 3 253 0 1 1 2 1 0 1576
0 0 0 239.9425 0 0 40000 14102937 0 912984 1 0 1 637 0 1 1 1 1 0 1449
0 0 0 223.7104 0 0 -1 14102938 0 1145188 0 1 1 355 0 1 0 1 1 0 1512
0 0 0 83.9342 2 0 175000 14102941 0 675022 0 0 2 28 0 1 2 2 5 0 1549
0 0 0 115.9474 1 0 30000 14102942 0 1077181 0 0 1 8 0 1 1 2 5 0 1545
0 0 0 165.9555 0 0 62500 14102966 0 1249262 1 0 1 808 0 1 1 1 4 0 1694
0 0 0 298.5339 1 0 40000 14102973 0 1029392 0 0 1 381 0 0 1 2 5 0 1528
0 0 0 329.2143 0 0 -1 14102989 0 709087 0 1 1 912 0 2 0 2 5 0 1768
0 0 0 240.9052 1 0 40000 14103006 0 688669 0 0 1 1049 0 0 1 2 5 0 1673
0 0 0 104.3892 2 0 175000 14103007 0 1108254 0 0 2 1043 0 2 2 2 5 0 1675
0 0 1 95.9625 2 0 225000 14103008 0 688663 0 0 3 1032 0 1 2 2 5 0 1674
0 0 0 754.3623 2 0 275000 14103035 0 987278 0 0 2 917 0 3 2 1 1 0 1798
0 2 0 488.183 1 0 275000 14103039 1 1250664 0 0 4 627 0 2 1 1 1 0 1593
0 3 0 325.5875 1 0 125000 14103041 0 1078148 1 0 5 447 0 2 2 1 1 0 1536
0 1 1 437.3591 1 0 175000 14103042 1 1097208 0 0 4 727 0 2 1 1 1 0 1661
0 1 1 844.4705 1 0 -1 14103043 0 718377 1 0 4 903 0 2 2 1 1 0 1762
0 0 0 236.257 1 0 40000 14103044 1 816106 0 0 2 904 0 1 1 2 5 0 1764
0 0 0 182.9929 2 0 225000 14103063 0 1023682 0 0 2 1195 0 2 2 1 1 0 1742
0 0 0 1080.7741 1 0 87500 14103066 0 1130748 2 0 3 1200 0 7 3 1 1 0 1882
0 0 0 218.0323 1 0 175000 14103069 0 1130912 0 1 2 1199 0 3 1 1 1 0 1782
0 0 0 160.1824 2 0 175000 14103102 0 994420 0 0 2 894 0 1 2 1 1 0 1747
0 0 0 294.1416 2 0 -1 14103109 0 975191 0 0 2 1158 0 2 2 5 1 0 1679
0 0 0 96.9008 1 0 125000 14103130 0 1096660 0 0 1 32 0 0 1 2 5 0 1546
0 0 0 251.8617 1 0 17500 14103131 1 850992 0 0 2 130 0 1 1 2 5 0 1610
0 0 0 119.3897 1 0 62500 14103132 0 1273092 0 0 1 87 0 2 1 1 5 0 1605
0 0 0 74.2728 1 0 87500 14103133 0 1185970 0 0 1 239 0 1 1 1 5 0 1569
0 0 1 97.3858 1 0 125000 14103152 1 1086528 0 0 3 124 0 1 1 2 5 0 1629
0 0 0 74.2728 1 0 87500 14103153 0 1034635 0 0 1 48 0 1 1 1 5 0 1543
0 0 0 103.4307 1 0 87500 14103154 1 717160 0 0 2 17 0 1 1 2 5 0 1543
0 0 0 69.1296 2 0 125000 14103155 0 1029959 0 0 2 2 0 2 2 1 5 0 1551
0 0 0 101.0758 1 0 175000 14103156 0 789527 0 0 1 5 0 0 1 2 5 0 1551
0 0 0 76.2762 1 0 125000 14103157 0 1031435 0 1 2 41 0 1 1 2 5 0 1547
0 0 0 70.6371 1 0 175000 14103158 0 717498 0 0 1 34 0 1 1 1 5 0 1547
0 0 0 87.1095 2 0 30000 14103176 0 1126389 0 0 2 1139 0 1 2 2 4 0 1676
0 0 0 91.2522 0 0 275000 14103223 2 859295 0 0 2 1192 0 2 0 1 1 0 1712
0 0 0 128.9164 1 0 125000 14103241 0 1186117 0 0 2 639 1 2 2 2 2 0 1448
0 0 0 410.5851 0 0 40000 14103244 0 679857 0 1 2 916 1 2 1 1 1 0 1813
0 0 0 405.2587 0 0 17500 14103307 0 988646 0 1 1 975 0 1 0 1 5 0 1622
0 0 0 173.978 0 0 40000 14103308 0 717377 0 1 1 129 0 2 0 1 5 0 1610
0 0 0 125.1043 1 0 87500 14103311 0 1109392 0 0 1 322 0 1 1 1 1 0 1514
0 0 0 94.18 0 0 30000 14103326 1 914021 0 1 2 862 0 2 0 1 1 0 1728
0 0 0 258.7958 1 0 17500 14103346 0 1202610 0 0 1 435 0 0 1 2 5 0 1549
0 0 0 145.5579 0 0 -1 14103348 0 1202610 0 0 1 435 1 1 0 5 5 0 1549
0 0 0 246.6785 0 0 30000 14103351 0 717940 0 1 1 249 0 2 0 1 1 0 1617
0 2 0 453.8196 2 0 -1 14103352 0 1081281 0 0 4 485 0 4 2 1 1 0 1461
0 0 0 221.8789 2 0 175000 14103353 0 799941 0 0 2 556 0 2 2 1 1 0 1476
0 0 0 127.5431 0 0 87500 14103354 1 886186 0 0 1 222 0 0 0 2 5 0 1567
0 0 0 223.7104 0 0 17500 14103437 0 846804 0 1 1 495 0 1 0 1 1 0 1471
0 0 0 163.9897 0 0 62500 14103438 1 1081832 0 2 3 608 0 3 0 1 1 0 1459
0 0 0 172.0494 1 0 125000 14103439 0 974685 1 0 2 295 0 2 2 1 1 0 1520
0 0 0 239.2617 1 0 30000 14103440 0 1009192 0 0 1 290 0 1 1 1 1 0 1568
0 0 0 164.9512 0 0 62500 14103441 0 1008524 0 1 1 302 0 1 0 1 1 0 1521
0 0 0 501.0711 1 0 87500 14103463 0 759453 0 0 1 794 0 3 1 1 1 0 1695
0 2 0 75.0187 1 0 125000 14103464 0 1014316 0 0 3 742 0 1 1 2 1 0 1665
0 0 0 235.2735 0 0 5000 14103477 1 1083272 0 0 1 513 0 0 0 2 4 0 1464
0 0 0 92.347 1 0 275000 14103479 0 845984 0 0 1 129 0 1 1 1 5 0 1610
0 0 0 128.0827 2 0 30000 14103480 0 1010476 0 2 4 281 0 4 2 1 1 0 1565
0 0 0 57.8685 2 0 125000 14103520 0 903879 0 0 2 883 0 1 2 2 5 0 1732
0 0 0 140.109 1 0 -1 14103523 0 1125883 0 0 1 1038 0 1 1 1 5 0 1673
0 0 0 407.4307 0 0 62500 14103545 1 1005973 0 1 2 916 0 3 0 1 1 0 1816
0 0 0 179.9757 1 0 -1 14103546 1 937946 0 0 2 893 0 1 1 1 1 0 1749
0 0 0 195.2012 1 0 125000 14103547 0 1107847 0 1 2 891 0 2 1 1 1 0 1733
0 1 1 262.7602 1 0 87500 14103548 1 721761 0 0 4 917 0 2 1 2 5 0 1805
0 0 1 210.6506 2 0 225000 14103551 0 1205151 0 0 3 640 0 4 2 1 1 0 1432
0 1 1 427.0076 2 0 175000 14103552 0 1235796 0 0 4 546 0 2 2 2 1 0 1451
0 0 0 224.7989 0 0 275000 14103553 0 874570 1 2 3 634 0 3 1 1 1 0 1540
0 0 0 334.2815 1 0 62500 14103555 0 1096302 0 0 1 650 0 2 1 1 1 0 1425
0 0 0 227.5512 1 0 125000 14103557 2 1072085 0 0 3 903 0 3 1 1 1 0 1762
0 0 1 542.3908 1 0 175000 14103558 0 907975 1 0 3 844 0 2 2 1 1 0 1725
0 2 0 396.2481 2 0 175000 14103559 0 761165 0 0 4 788 0 2 2 1 1 0 1693
0 0 0 992.2989 0 0 17500 14103560 0 1015248 0 1 1 748 0 1 0 1 5 0 1663
0 2 0 1216.2622 2 0 225000 14103572 1 1127791 0 0 5 1213 0 4 2 1 1 0 1913
0 0 0 238.0415 2 0 175000 14103573 0 1127221 0 0 2 1213 0 2 2 1 1 0 1912
0 0 0 218.0323 0 0 175000 14103574 0 741364 1 1 2 1212 0 3 1 1 1 0 1924
0 0 0 126.8519 0 0 -1 14103575 1 770497 0 0 1 1212 0 2 0 1 1 0 1924
0 0 0 728.3605 1 1 125000 14103577 1 989124 0 0 3 1182 0 2 1 1 1 0 1713
0 0 0 152.5641 0 0 87500 14103609 1 805583 1 0 2 917 0 2 1 1 1 0 1804
0 0 0 89.4319 1 0 62500 14103636 0 1067080 0 0 1 44 0 1 1 2 5 0 1551
0 0 0 133.926 1 0 275000 14103637 0 788168 0 1 2 124 0 3 1 1 1 0 1629
0 0 0 78.3762 1 0 -1 14103659 0 1096660 0 0 1 32 0 0 1 2 5 0 1546
0 0 0 138.0778 1 0 87500 14103660 1 1067168 0 0 2 440 0 2 1 1 5 0 1538
0 0 0 288.9537 2 0 175000 14103683 0 975184 0 0 2 1158 0 2 2 1 1 0 1679
0 0 0 376.7985 0 0 17500 14103688 0 988354 1 0 1 916 0 1 1 2 5 0 1811
0 0 0 346.3551 1 0 175000 14103736 0 758355 2 0 3 1197 0 2 3 1 1 0 1783
0 1 0 827.7403 1 1 87500 14103737 1 1126201 0 0 4 1169 0 3 1 1 1 0 1705
0 1 0 626.6615 1 1 175000 14103738 0 715017 1 0 4 1203 0 3 2 1 1 0 1905
0 0 0 265.126 0 0 87500 14103739 1 1215483 0 1 2 1202 0 2 0 1 1 0 1899
0 0 0 529.5688 0 0 -1 14103759 0 1100140 0 2 2 635 0 2 0 1 1 0 1541
0 1 0 183.5027 1 0 125000 14103761 0 1205448 0 1 3 640 0 2 1 1 1 0 1432
0 0 0 63.8723 1 0 125000 14103782 1 749500 0 0 2 1060 0 1 1 2 5 0 1673
0 0 0 219.4993 0 0 5000 14103814 1 1109453 0 0 1 322 0 2 0 1 1 0 1514
0 0 0 82.7934 1 0 87500 14103815 1 779704 1 0 3 210 0 2 2 1 1 0 1564
0 0 0 109.1323 1 0 125000 14103824 0 997340 0 0 1 784 0 1 1 1 1 0 1696
0 0 0 133.3558 1 0 -1 14103847 0 932544 0 0 1 27 0 1 1 2 5 0 1549
0 0 0 262.1739 0 0 -1 14103848 2 883883 0 0 2 43 0 3 0 1 5 0 1548
0 1 0 177.6709 2 0 125000 14103849 0 1008504 0 0 3 301 0 2 2 1 1 0 1521
0 0 0 93.3156 0 0 30000 14103850 0 1027548 0 1 1 390 0 1 0 1 5 0 1509
0 0 0 120.8288 1 0 40000 14103851 0 2103 0 0 1 383 0 1 1 2 5 0 1509
0 0 0 86.8861 1 0 125000 14103852 0 851050 1 0 2 130 0 2 2 1 2 0 1610
0 0 0 254.6753 0 0 87500 14103957 0 1109560 0 2 2 299 0 2 0 1 1 0 1519
0 0 0 262.6005 1 0 62500 14103958 0 1062551 0 0 1 637 0 1 1 1 5 0 1449
0 0 2 262.7907 2 0 175000 14103959 0 1104121 0 0 4 357 0 3 2 1 1 0 1512
0 3 0 277.9743 1 0 175000 14103960 1 1243272 0 0 5 296 0 2 1 1 1 0 1520
0 1 0 236.9175 2 0 225000 14103961 1 1017689 0 0 4 654 0 3 2 1 1 0 1422
0 1 2 266.4923 1 0 125000 14103962 1 796895 0 0 5 591 0 2 1 2 1 0 1466
0 0 0 154.3417 1 0 62500 14103963 0 860578 0 0 1 23 0 0 1 2 5 0 1549
0 0 0 94.5281 1 0 125000 14103964 0 860578 0 0 1 23 0 0 1 2 5 0 1549
0 0 0 68.9075 1 0 175000 14103965 0 883883 0 0 1 43 0 1 1 1 5 0 1548
0 1 0 67.7677 0 0 125000 14103979 0 877889 1 0 2 798 0 1 1 1 1 0 1714
0 0 0 132.4615 0 0 125000 14103996 0 1170725 0 2 2 382 0 2 0 1 1 0 1509
0 0 0 81.4365 2 0 175000 14104000 0 955563 0 0 2 961 0 1 2 2 5 0 1622
0 0 1 103.6998 1 0 87500 14104032 1 688663 0 0 3 1032 0 1 1 2 5 0 1674
0 2 0 532.2188 1 0 125000 14104051 0 1082107 1 0 4 601 0 2 2 1 1 0 1458
0 0 0 714.0699 2 0 37500 14104052 0 1187708 0 0 2 81 0 4 2 1 1 0 1588
0 0 0 165.6224 1 0 125000 14104054 0 1049952 0 0 1 901 0 2 1 1 1 0 1754
0 0 0 484.9035 1 0 30000 14104073 1 824733 0 0 2 1195 0 4 1 1 1 0 1741
0 0 0 308.0602 0 0 -1 14104074 0 1066908 0 1 1 1165 0 1 0 1 1 0 1706
0 0 0 1126.0379 0 0 17500 14104113 1 760039 0 0 1 776 0 0 0 2 3 0 1687
0 0 0 125.8945 1 0 -1 14104140 1 913330 0 0 2 60 0 2 1 2 5 0 1588
0 0 1 52.6805 1 0 87500 14104155 1 861372 0 0 3 948 0 1 1 2 4 0 1616
0 0 0 77.3709 0 0 30000 14104156 0 818051 0 1 1 240 0 1 0 2 5 0 1569
0 0 0 89.4319 1 0 62500 14104157 0 818051 0 0 1 240 0 1 1 2 5 0 1569
0 2 0 82.1623 1 0 275000 14104159 0 1117588 0 0 3 15 0 1 1 2 5 0 1546
0 0 0 206.4665 0 0 -1 14104185 0 994278 1 1 2 893 0 2 1 1 1 0 1749
0 0 0 1134.9396 1 1 125000 14104217 2 1130949 0 1 5 1199 0 3 1 1 1 0 1782
0 0 0 172.8664 0 0 125000 14104218 0 1216366 0 1 1 1202 0 1 0 1 1 0 1899
0 0 0 205.0874 0 0 125000 14104220 0 728199 1 1 2 1212 0 2 1 1 1 0 1925
0 2 0 974.3398 1 0 275000 14104232 1 977993 0 0 4 901 0 3 1 1 1 0 1754
0 0 0 411.3267 1 0 62500 14104233 0 1106503 1 0 2 843 0 2 2 1 1 0 1725
0 0 0 284.8581 0 0 62500 14104234 0 1197790 0 1 1 64 0 1 0 1 1 0 1592
0 0 0 147.4193 2 0 87500 14104235 0 1205563 0 0 2 640 0 2 2 2 5 0 1432
0 0 0 126.1314 2 0 225000 14104238 1 1272654 0 0 3 619 0 2 2 1 1 0 1599
0 0 0 164.1429 1 0 87500 14104240 0 989268 0 0 1 911 0 1 1 1 1 0 1774
0 0 0 563.5488 1 0 175000 14104241 0 988470 1 0 2 916 0 2 2 1 1 0 1814
0 0 0 331.8707 2 0 225000 14104262 0 785429 0 0 2 1136 0 4 2 2 1 0 1675
0 0 0 104.3006 1 0 125000 14104284 2 993780 0 0 3 891 0 2 1 1 1 0 1733
0 0 0 101.4461 1 0 -1 14104285 1 1150769 0 0 2 883 0 2 1 2 5 0 1732
0 0 0 186.242 1 0 62500 14104298 0 818054 0 0 1 245 0 1 1 1 1 0 1571
0 0 0 126.2846 2 0 87500 14104301 0 886169 0 0 2 221 0 0 2 2 5 0 1567
0 0 0 171.5467 1 0 -1 14104309 0 1185710 0 1 2 861 0 3 1 1 1 0 1728
0 0 0 81.6751 1 0 125000 14104325 0 742562 0 0 1 38 0 1 1 2 5 0 1550
0 0 0 184.7808 0 0 -1 14104328 0 963457 0 1 1 553 0 1 0 1 1 0 1476
0 0 2 199.9952 2 0 175000 14104329 0 847322 0 0 4 499 0 2 2 1 1 0 1469
0 0 0 257.3216 0 0 -1 14104330 0 1009634 0 2 2 274 0 1 0 1 1 0 1570
0 1 0 256.8342 2 0 175000 14104331 0 1235788 0 0 3 963 0 2 2 1 1 0 1621
0 2 0 307.4473 2 0 275000 14104332 0 1153009 0 0 4 637 0 2 2 1 1 0 1449
0 0 1 159.2693 1 0 87500 14104334 1 792164 0 0 3 217 0 1 1 2 5 0 1567
0 0 0 315.0588 0 0 17500 14104350 0 680011 0 1 1 916 0 1 0 2 5 0 1808
0 0 0 161.3823 0 0 62500 14104437 2 691313 0 0 2 394 0 2 0 2 5 0 1509
0 1 0 185.326 2 0 225000 14104438 0 1184093 0 0 3 328 0 2 2 1 2 0 1518
0 0 0 380.9837 1 0 17500 14104439 0 1267517 1 0 2 401 0 2 2 1 1 0 1507
0 0 0 92.0069 2 0 125000 14104440 1 1008954 0 0 3 289 0 3 2 1 1 0 1523
0 0 0 79.6917 0 0 -1 14104441 0 923181 0 2 2 958 0 2 0 1 1 0 1624
0 0 1 192.1749 1 0 175000 14104442 1 995879 0 0 3 983 0 1 1 1 1 0 1626
0 0 0 213.5855 1 0 62500 14104443 0 1010685 0 0 1 259 0 1 1 1 1 0 1571
0 1 0 180.4687 1 0 87500 14104444 0 1009131 1 0 3 279 0 1 2 1 1 0 1568
0 0 0 229.5957 1 0 -1 14104445 0 910190 0 0 1 489 0 1 1 1 1 0 1462
0 0 0 95.959 1 0 225000 14104447 0 883883 0 1 2 43 0 1 1 1 5 0 1548
0 1 0 721.8903 1 0 5000 14104471 0 796949 0 0 2 508 0 1 1 2 5 0 1467
0 0 0 164.5417 2 0 87500 14104475 0 717135 0 0 2 285 0 2 2 1 1 0 1565
0 0 0 125.6957 1 0 62500 14104476 1 860878 0 0 2 962 0 1 1 2 5 0 1620
0 0 0 65.1985 1 0 87500 14104477 0 768920 0 0 2 961 1 1 2 2 5 0 1622
0 0 0 91.8035 2 0 225000 14104486 0 1208739 0 0 2 843 0 2 2 1 1 0 216
0 3 1 942.3051 1 0 40000 14104496 1 993776 0 0 6 891 0 2 1 2 1 0 1733
0 0 0 85.3629 2 0 -1 14104497 0 984659 0 0 2 866 0 2 2 1 1 0 1730
0 1 0 423.099 1 0 17500 14104511 0 1125883 0 0 3 1038 1 1 2 2 5 0 1673
0 0 0 281.3538 1 0 62500 14104531 0 1007165 0 0 1 916 0 2 1 1 1 0 1814
0 0 0 492.4015 1 0 62500 14104533 0 1034636 0 0 1 48 0 2 1 2 4 0 1542
0 0 0 163.6529 1 0 125000 14104534 1 1169926 0 0 2 997 0 1 1 1 2 0 1642
0 0 0 179.9757 1 0 175000 14104535 1 1242414 0 0 2 1011 0 1 1 2 1 0 1684
0 0 0 185.4753 2 0 125000 14104536 0 970814 0 0 2 901 0 2 2 1 1 0 1754
0 0 0 361.0293 1 0 87500 14104550 0 1169300 0 0 1 1102 0 0 1 2 5 0 1651
0 0 0 121.2457 2 0 125000 14104551 0 1222240 0 0 2 1161 0 1 2 1 2 0 1708
0 0 0 236.0467 1 0 275000 14104553 0 798012 0 0 2 1199 1 3 2 1 1 0 1788
0 0 0 294.1416 2 0 275000 14104554 0 708616 0 0 2 1210 0 2 2 1 1 0 1910
0 0 0 483.6687 2 0 40000 14104606 0 760132 0 0 2 732 0 2 2 2 5 0 1662
0 1 0 353.9969 1 0 30000 14104644 0 886280 0 0 2 242 0 1 1 2 2 0 1569
0 0 1 354.7787 1 0 5000 14104645 1 864233 0 0 3 948 0 1 1 2 5 0 1622
0 0 0 153.9766 1 0 62500 14104666 1 788158 0 0 2 132 0 1 1 2 5 0 1629
0 1 0 74.3938 2 0 125000 14104667 0 847589 0 0 3 314 0 2 2 1 1 0 1524
0 0 0 329.3965 1 0 125000 14104677 0 1062020 0 0 1 1029 0 0 1 2 5 0 1676
0 2 0 481.9442 1 0 -1 14104713 1 1196525 0 0 4 1199 0 3 1 1 1 0 1791
0 2 0 373.6225 1 0 -1 14104714 1 750883 0 0 4 1198 0 2 1 1 1 0 1743
0 0 0 329.5046 2 1 175000 14104728 1 977986 0 0 4 901 0 4 2 1 1 0 1754
0 0 0 816.0298 4 0 87500 14104729 0 690433 0 0 4 841 0 3 4 1 2 0 1724
0 0 0 462.8022 1 0 125000 14104730 0 761200 1 1 3 788 0 4 2 1 1 0 1693
0 0 0 325.3293 0 0 175000 14104731 1 985219 0 1 2 822 0 3 0 1 1 0 1720
0 0 0 444.3865 0 0 30000 14104732 1 1047093 1 0 2 1013 0 2 1 1 2 0 1684
0 0 0 294.1416 1 0 275000 14104733 0 1238603 1 0 2 781 0 2 2 1 1 0 1699
0 0 0 185.4753 2 0 125000 14104734 0 1178496 0 0 2 911 0 2 2 2 2 0 1774
0 0 0 315.9825 2 0 125000 14104735 0 1105104 1 0 4 918 1 4 4 4 6 0 1794
0 0 0 101.0141 0 0 -1 14104784 0 984689 0 2 2 866 0 2 0 1 1 0 1730
0 0 0 120.0502 1 0 87500 14104793 0 1255336 0 0 1 418 0 1 1 1 2 0 1532
0 0 2 161.8292 2 0 225000 14104796 0 1061310 0 0 4 975 0 2 2 2 3 0 1622
0 0 0 53.5668 1 0 87500 14104808 0 933143 0 1 2 807 0 1 1 1 1 0 1695
0 0 0 133.4565 1 0 125000 14104810 0 984754 0 0 1 815 0 1 1 2 5 0 1719
0 0 1 260.091 1 0 -1 14104827 1 1101403 0 0 3 44 0 1 1 2 5 0 1550
0 0 0 92.0069 2 0 125000 14104831 0 959090 0 0 3 365 1 3 2 1 1 0 1527
0 0 0 213.5855 1 0 62500 14104832 0 1081930 0 0 1 607 0 1 1 1 1 0 1459
0 0 0 106.139 3 0 275000 14104833 0 1107659 0 0 3 655 0 3 3 1 2 0 1418
0 0 0 163.0479 1 0 -1 14104834 0 948500 0 0 1 613 0 2 1 1 1 0 1419
0 1 2 255.6552 1 0 87500 14104835 0 688296 1 0 5 308 0 2 2 1 1 0 1522
0 0 0 289.3254 1 0 30000 14104846 0 2611 2 0 3 916 0 1 3 2 5 0 1808
0 0 0 111.9752 1 0 40000 14104918 0 679911 0 0 1 916 0 2 1 4 6 0 1810
0 0 0 195.7205 0 0 125000 14104932 2 1176900 0 0 2 589 0 2 0 1 1 0 1466
0 0 0 381.0273 0 0 62500 14104933 0 808967 1 1 2 530 0 2 1 1 1 0 1477
0 0 1 247.2649 2 0 275000 14104934 1 842914 0 0 4 558 0 2 2 1 1 0 1453
0 0 0 250.9842 1 0 62500 14104948 0 1263070 0 0 1 1117 0 1 1 2 5 0 1929
0 0 0 287.5472 1 0 -1 14104957 1 1194539 0 0 2 418 0 2 1 2 5 0 1532
0 0 0 184.7477 0 0 17500 14104962 0 1017219 0 2 2 975 0 1 0 1 5 0 1622
0 0 0 67.7194 1 0 125000 14104963 0 972996 0 0 1 219 0 1 1 1 2 0 1566
0 0 0 64.9281 1 0 30000 14104964 0 886170 1 1 3 245 0 1 2 2 5 0 1569
0 0 0 92.2597 1 0 -1 14104965 0 851240 0 0 1 129 0 1 1 2 5 0 1610
0 0 0 60.0602 1 0 125000 14104975 0 1217070 0 0 1 19 0 0 1 5 8 0 447
0 0 0 98.2276 0 0 62500 14104998 1 688663 1 0 2 1032 0 1 1 2 5 0 1674
0 0 0 159.6807 1 0 225000 14105038 1 1271547 0 0 2 1199 0 1 1 1 1 0 1782
0 0 0 745.0106 0 0 62500 14105039 0 914184 0 2 2 1203 0 3 0 1 1 0 1903
0 0 0 248.8673 0 0 30000 14105082 0 994159 0 2 2 893 0 2 0 1 1 0 1749
0 0 0 552.0743 1 0 62500 14105085 0 675307 0 0 1 1155 0 1 1 1 1 0 1680
0 0 1 74.3938 1 0 125000 14105112 0 847633 0 0 3 311 1 2 2 4 1 0 1524
0 0 0 54.7734 1 0 125000 14105113 0 1063250 0 0 1 479 0 1 1 1 5 0 1504
0 0 0 77.3709 0 0 30000 14105122 0 1234008 0 1 1 91 0 1 0 1 4 0 1606
0 0 0 170.7131 1 0 87500 14105123 0 1063250 0 0 2 479 1 2 1 1 5 0 1504
0 0 0 54.7734 1 0 125000 14105124 0 1034633 0 0 1 47 0 1 1 2 5 0 1543
0 0 0 96.9008 1 0 125000 14105125 0 1067080 0 0 1 44 0 0 1 2 5 0 1551
0 0 0 75.1439 1 0 175000 14105126 0 1208559 1 0 2 89 0 2 2 1 5 0 1605
0 2 1 725.1489 1 0 175000 14105201 1 808297 0 0 5 1198 0 2 1 1 1 0 1885
0 0 0 141.373 0 0 275000 14105203 0 966991 0 2 2 1212 0 4 0 1 1 0 1925
0 2 0 488.183 1 0 275000 14105220 1 919618 0 0 4 628 0 2 1 1 1 0 1592
0 0 0 294.342 1 1 -1 14105222 0 1086798 0 1 3 781 0 2 1 1 1 0 1699
0 0 0 168.747 1 0 30000 14105238 0 935494 0 0 1 194 0 1 1 1 5 0 1560
0 0 0 116.3371 0 0 62500 14105239 0 1071180 0 1 1 502 0 1 0 1 1 0 1467
0 0 0 83.9342 1 0 175000 14105242 0 1114729 0 0 2 8 1 1 2 1 5 0 1545
0 0 0 306.6367 1 0 125000 14105243 0 963504 0 1 2 553 0 3 1 1 1 0 1473
0 0 0 235.8108 2 0 175000 14105244 0 1177392 0 0 2 576 0 4 2 1 1 0 1468
0 0 0 192.5601 0 0 40000 14105245 1 899858 0 0 1 397 0 1 0 2 4 0 1561
0 0 0 257.3216 0 0 30000 14105246 0 716281 0 2 2 359 0 1 0 1 5 0 1515
0 0 0 173.0382 0 0 175000 14105247 0 1062456 0 2 2 637 0 2 0 1 1 0 1449
0 1 0 226.9566 1 0 87500 14105248 1 691989 0 0 3 964 0 2 1 1 1 0 1619
0 0 0 107.422 2 0 125000 14105250 0 717377 0 0 2 129 0 2 2 1 5 0 1610
0 2 0 199.9952 2 0 225000 14105333 0 1259515 0 0 4 383 0 2 2 1 1 0 1509
0 0 0 240.9396 3 0 62500 14105334 0 925754 1 0 4 962 0 1 4 2 1 0 1620
0 0 0 177.3819 1 0 87500 14105335 0 1062816 0 0 1 489 0 1 1 2 1 0 1462
0 0 2 259.9917 2 0 -1 14105336 0 1081855 0 0 4 608 0 2 2 1 1 0 1459
0 1 0 251.1344 1 0 125000 14105337 1 842910 0 0 3 558 0 2 1 2 1 0 1453
0 0 0 196.5235 0 0 87500 14105359 1 1007290 0 1 2 916 0 2 0 1 1 0 1814
0 0 0 425.2306 0 0 125000 14105360 0 1053819 0 2 2 917 0 3 0 1 1 0 1799
0 0 0 185.0813 0 0 275000 14105361 0 1257294 0 2 2 690 0 2 0 1 1 0 1632
0 0 0 271.5799 1 0 62500 14105363 1 977831 0 0 2 914 0 2 1 1 1 0 1758
0 0 1 445.1505 1 0 125000 14105379 0 954208 0 0 3 1152 1 2 1 1 1 0 1681
0 0 0 153.9766 1 0 62500 14105441 1 834194 0 0 2 92 0 1 1 2 4 0 1606
0 0 0 149.9568 1 0 17500 14105442 0 1117588 0 0 1 15 0 1 1 2 5 0 1546
0 0 0 59.7755 0 0 -1 14105443 1 717498 0 0 1 34 0 1 0 1 5 0 1547
0 0 0 100.2316 0 0 -1 14105444 1 1031435 0 1 2 41 0 1 0 1 5 0 1547
0 0 0 103.2885 0 0 30000 14105445 0 1000886 0 1 1 684 0 2 0 1 2 0 1605
0 0 1 125.3081 2 0 125000 14105446 0 1009910 0 0 3 287 0 2 2 1 1 0 1525
0 0 0 106.6369 0 0 87500 14105447 0 716281 0 2 2 359 0 2 0 1 5 0 1524
0 0 0 77.3709 0 0 30000 14105448 0 717496 0 1 1 131 0 1 0 2 7 0 1629
0 0 0 89.4319 1 0 62500 14105449 0 1063250 0 0 1 479 0 1 1 1 5 0 1504
0 0 0 545.6245 0 0 -1 14105532 2 1216634 0 0 2 1202 0 1 0 5 1 0 1899
0 0 0 368.8458 1 0 62500 14105544 0 815228 0 0 1 638 0 1 1 2 5 0 1448
0 0 0 304.3725 0 0 62500 14105548 2 1140093 0 0 2 914 0 2 0 1 1 0 1758
0 0 0 579.6644 1 0 175000 14105549 0 736668 0 0 1 912 0 1 1 1 2 0 1771
0 1 1 339.0431 1 0 62500 14105550 1 824494 0 0 4 844 0 1 1 1 1 0 1727
0 0 0 308.0602 0 0 40000 14105551 0 805531 0 1 1 799 0 1 0 1 1 0 1700
0 0 0 186.1906 1 0 125000 14105552 1 1117288 0 0 2 916 0 4 1 1 1 0 1813
0 2 1 657.9085 1 0 87500 14105553 1 1006104 0 0 5 916 0 2 1 1 1 0 1862
0 0 0 242.2778 0 0 30000 14105574 0 1047227 0 2 2 369 0 2 0 1 1 0 1563
0 0 0 259.3564 1 0 62500 14105575 1 818051 0 0 2 240 0 1 1 2 5 0 1569
0 2 0 203.0089 1 0 125000 14105576 1 1020642 0 0 4 557 0 1 1 1 2 0 1453
0 0 0 344.2048 1 1 225000 14105577 1 1177154 0 0 3 580 0 3 1 1 1 0 1455
0 0 0 177.0304 1 0 125000 14105578 0 1187184 1 0 2 656 0 2 2 1 1 0 1417
0 1 1 253.2591 1 0 175000 14105579 0 742133 0 0 4 971 1 2 1 2 1 0 1621
0 0 0 228.6093 1 0 175000 14105580 0 777805 0 0 1 958 0 1 1 2 5 0 1624
0 0 0 226.0704 0 0 125000 14105581 0 715096 2 0 2 331 0 3 2 1 1 0 1518
0 0 0 185.7083 1 0 62500 14105582 1 890859 0 0 2 201 0 1 1 2 5 0 1562
0 0 0 136.133 1 0 62500 14105583 0 1027548 1 0 2 390 0 2 2 1 5 0 1509
0 0 0 86.8861 2 0 125000 14105652 0 883883 0 0 2 43 0 2 2 2 5 0 1548
0 0 0 204.2987 1 0 5000 14105653 0 845984 0 0 1 129 0 1 1 2 5 0 1610
0 2 0 953.4777 2 0 175000 14105679 0 1120394 0 0 4 897 0 2 2 1 1 0 1773
0 0 0 453.491 1 0 62500 14105681 0 1236796 0 0 1 648 0 1 1 1 5 0 1427
0 0 0 137.6214 0 0 125000 14105690 1 817277 0 1 2 1169 0 2 0 1 1 0 1707
0 0 0 156.0865 2 0 125000 14105754 1 710912 0 0 3 442 0 3 2 1 5 0 1539
0 0 0 134.9419 1 0 125000 14105755 1 886254 0 0 2 222 0 0 1 2 5 0 1569
0 0 0 74.2728 1 0 87500 14105756 0 834129 0 0 1 92 0 1 1 2 5 0 1606
0 0 0 158.2158 1 0 62500 14105757 0 789538 0 0 1 14 0 0 1 2 5 0 1543
0 0 0 29.789 1 0 125000 14105758 0 1272790 0 2 3 91 0 1 1 1 1 0 1606
0 0 0 56.2884 2 0 175000 14105759 0 1031435 0 0 2 41 0 1 2 1 5 0 1547
0 0 0 225.2134 2 0 125000 14105792 0 1214048 0 0 2 885 0 2 2 1 1 0 1735
0 1 0 245.1527 0 0 275000 14105835 0 688629 1 0 2 1029 0 1 1 2 5 0 1682
0 2 0 453.8196 2 0 175000 14105844 0 823870 0 0 4 622 0 3 2 1 1 0 1600
0 0 0 308.0602 0 0 30000 14105846 0 828861 0 1 1 824 0 1 0 1 1 0 1721
0 0 0 251.6774 1 0 62500 14105847 0 900209 0 1 2 824 0 1 1 1 1 0 1721
0 0 0 380.5595 0 0 40000 14105848 0 1096206 0 1 1 893 0 1 0 1 5 0 1748
0 0 1 542.6898 1 0 175000 14105849 1 892158 0 0 3 918 0 2 1 1 1 0 1794
0 0 0 125.1043 1 0 87500 14105865 0 1219782 0 0 1 245 0 1 1 2 5 0 1569
0 1 1 126.7521 1 0 125000 14105867 1 1259233 0 0 4 126 0 1 1 2 5 0 1610
0 0 0 212.0553 1 0 125000 14105868 1 697339 0 0 2 380 0 2 1 2 4 0 1528
0 0 0 141.1814 0 0 225000 14105869 0 777856 0 0 1 979 1 1 1 2 5 0 1624
0 0 0 124.5743 0 0 30000 14105870 0 717507 0 1 1 382 0 2 0 1 1 0 1509
0 0 1 159.2693 1 0 87500 14105871 1 792164 0 0 3 217 0 1 1 2 5 0 1567
0 0 0 298.5829 1 0 87500 14105953 0 882558 0 0 1 587 0 3 1 1 1 0 1457
0 0 0 98.1093 0 0 30000 14105954 0 993246 1 0 1 612 0 1 1 1 1 0 1419
0 0 0 176.6044 2 0 175000 14105955 0 1061866 0 0 2 637 0 2 2 1 1 0 1449
0 0 0 233.3639 1 0 125000 14105956 0 768508 0 1 2 338 0 2 1 1 1 0 1517
0 0 0 229.4639 1 0 125000 14105957 0 1118413 0 0 1 238 0 3 1 1 1 0 1577
0 0 0 243.1885 1 0 -1 14105958 1 1010690 0 0 2 259 0 2 1 1 1 0 1571
0 0 0 106.267 2 0 62500 14105982 0 697298 0 0 2 394 0 1 2 2 5 0 1528
0 0 0 81.6751 1 0 125000 14105983 0 1259197 0 0 1 125 0 1 1 2 5 0 1610
0 0 0 65.0842 1 0 125000 14105984 0 789524 1 0 2 5 0 1 2 2 5 0 1551
0 0 0 126.5715 2 0 225000 14105985 0 745592 0 0 2 190 0 2 2 2 5 0 1558
0 0 0 130.8125 1 0 125000 14105986 0 939187 0 0 1 256 0 1 1 1 1 0 1571
0 0 1 222.4323 1 0 87500 14105987 1 845984 0 0 3 129 0 1 1 2 5 0 1610
0 0 0 517.0317 2 0 125000 14106007 0 877342 0 0 2 890 0 3 2 1 1 0 1734
0 0 0 1004.1935 1 1 62500 14106008 0 999920 2 0 4 917 0 2 3 1 1 0 1797
0 0 0 267.4646 2 0 125000 14106009 0 1195652 0 0 2 851 0 2 2 2 2 0 1751
0 0 0 254.5341 0 0 87500 14106010 1 803906 0 0 1 682 0 0 0 2 3 0 1636
0 0 0 358.9855 1 0 125000 14106011 0 1169922 0 0 1 997 0 1 1 2 2 0 1642
0 1 0 201.7935 1 0 125000 14106023 1 1143771 0 0 3 1029 0 1 1 1 2 0 1682
0 0 0 132.9794 0 0 125000 14106024 0 1215778 0 2 2 1202 0 2 0 1 1 0 1901
0 0 0 171.5332 0 0 125000 14106025 0 714484 0 2 2 1203 0 3 0 1 1 0 1902
0 0 0 268.1232 1 0 40000 14106067 0 760677 1 0 2 859 0 1 2 2 5 0 1729
0 0 0 73.1214 1 0 125000 14106093 0 1273092 0 0 1 87 0 2 1 1 2 0 1605
0 0 0 110.5695 1 0 62500 14106094 0 1067080 0 0 1 44 0 1 1 2 5 0 1551
